r1,r2,a1,E
0.900000000000,1.650000000000,95.000000000000,0.008106193870
0.900000000000,1.650000000000,97.285714285714,0.006862623920
0.900000000000,1.650000000000,99.571428571429,0.005973218800
0.900000000000,1.650000000000,101.857142857143,0.005426853020
0.900000000000,1.650000000000,104.142857142857,0.005212140300
0.900000000000,1.650000000000,106.428571428571,0.005317474450
0.900000000000,1.650000000000,108.714285714286,0.005731081700
0.900000000000,1.650000000000,111.000000000000,0.006441071750
0.900000000000,1.660000000000,95.000000000000,0.007543095140
0.900000000000,1.660000000000,97.285714285714,0.006363478060
0.900000000000,1.660000000000,99.571428571429,0.005533691530
0.900000000000,1.660000000000,101.857142857143,0.005042809930
0.900000000000,1.660000000000,104.142857142857,0.004879647630
0.900000000000,1.660000000000,106.428571428571,0.005032798850
0.900000000000,1.660000000000,108.714285714286,0.005490688900
0.900000000000,1.660000000000,111.000000000000,0.006241624330
0.900000000000,1.670000000000,95.000000000000,0.007092285800
0.900000000000,1.670000000000,97.285714285714,0.005974973930
0.900000000000,1.670000000000,99.571428571429,0.005203190470
0.900000000000,1.670000000000,101.857142857143,0.004766210570
0.900000000000,1.670000000000,104.142857142857,0.004653050200
0.900000000000,1.670000000000,106.428571428571,0.004852504810
0.900000000000,1.670000000000,108.714285714286,0.005353199640
0.900000000000,1.670000000000,111.000000000000,0.006143638890
0.900000000000,1.680000000000,95.000000000000,0.006748026160
0.900000000000,1.680000000000,97.285714285714,0.005691395090
0.900000000000,1.680000000000,99.571428571429,0.004976022140
0.900000000000,1.680000000000,101.857142857143,0.004591384150
0.900000000000,1.680000000000,104.142857142857,0.004526699540
0.900000000000,1.680000000000,106.428571428571,0.004770965870
0.900000000000,1.680000000000,108.714285714286,0.005313009130
0.900000000000,1.680000000000,111.000000000000,0.006141531900
0.900000000000,1.690000000000,95.000000000000,0.006504823390
0.900000000000,1.690000000000,97.285714285714,0.005507271960
0.900000000000,1.690000000000,99.571428571429,0.004846739920
0.900000000000,1.690000000000,101.857142857143,0.004512906710
0.900000000000,1.690000000000,104.142857142857,0.004495194050
0.900000000000,1.690000000000,106.428571428571,0.004782802450
0.900000000000,1.690000000000,108.714285714286,0.005364759420
0.900000000000,1.690000000000,111.000000000000,0.006229966730
0.900000000000,1.700000000000,95.000000000000,0.006357419740
0.900000000000,1.700000000000,97.285714285714,0.005417370040
0.900000000000,1.700000000000,99.571428571429,0.004810132270
0.900000000000,1.700000000000,101.857142857143,0.004525589380
0.900000000000,1.700000000000,104.142857142857,0.004553367220
0.900000000000,1.700000000000,106.428571428571,0.004882870050
0.900000000000,1.700000000000,108.714285714286,0.005503327670
0.900000000000,1.700000000000,111.000000000000,0.006403841770
0.900000000000,1.710000000000,95.000000000000,0.006300781220
0.900000000000,1.710000000000,97.285714285714,0.005416678550
0.900000000000,1.710000000000,99.571428571429,0.004861211400
0.900000000000,1.710000000000,101.857142857143,0.004624467030
0.900000000000,1.710000000000,104.142857142857,0.004696276270
0.900000000000,1.710000000000,106.428571428571,0.005066247880
0.900000000000,1.710000000000,108.714285714286,0.005723814760
0.900000000000,1.710000000000,111.000000000000,0.006658279200
0.900000000000,1.720000000000,95.000000000000,0.006330086650
0.900000000000,1.720000000000,97.285714285714,0.005500399590
0.900000000000,1.720000000000,99.571428571429,0.004995202360
0.900000000000,1.720000000000,101.857142857143,0.004804787390
0.900000000000,1.720000000000,104.142857142857,0.004919191260
0.900000000000,1.720000000000,106.428571428571,0.005328228050
0.900000000000,1.720000000000,108.714285714286,0.006021534430
0.900000000000,1.720000000000,111.000000000000,0.006988614020
0.900000000000,1.730000000000,95.000000000000,0.006440717270
0.900000000000,1.730000000000,97.285714285714,0.005663937640
0.900000000000,1.730000000000,99.571428571429,0.005207532600
0.900000000000,1.730000000000,101.857142857143,0.005062000560
0.900000000000,1.730000000000,104.142857142857,0.005217584670
0.900000000000,1.730000000000,106.428571428571,0.005664305020
0.900000000000,1.730000000000,108.714285714286,0.006392002800
0.900000000000,1.730000000000,111.000000000000,0.007390383650
0.900000000000,1.740000000000,95.000000000000,0.006628246760
0.900000000000,1.740000000000,97.285714285714,0.005902889620
0.900000000000,1.740000000000,99.571428571429,0.005493822000
0.900000000000,1.740000000000,101.857142857143,0.005391749100
0.900000000000,1.740000000000,104.142857142857,0.005587121380
0.900000000000,1.740000000000,106.428571428571,0.006070165700
0.900000000000,1.740000000000,108.714285714286,0.006830928430
0.900000000000,1.740000000000,111.000000000000,0.007859317910
0.900000000000,1.750000000000,95.000000000000,0.006888431660
0.900000000000,1.750000000000,97.285714285714,0.006213035300
0.900000000000,1.750000000000,99.571428571429,0.005849873300
0.900000000000,1.750000000000,101.857142857143,0.005789858420
0.900000000000,1.750000000000,104.142857142857,0.006023649170
0.900000000000,1.750000000000,106.428571428571,0.006541679870
0.900000000000,1.750000000000,108.714285714286,0.007334202780
0.900000000000,1.750000000000,111.000000000000,0.008391329520
0.910000000000,1.650000000000,95.000000000000,0.006742940210
0.910000000000,1.650000000000,97.285714285714,0.005506579350
0.910000000000,1.650000000000,99.571428571429,0.004623370320
0.910000000000,1.650000000000,101.857142857143,0.004082356780
0.910000000000,1.650000000000,104.142857142857,0.003872312910
0.910000000000,1.650000000000,106.428571428571,0.003981783400
0.910000000000,1.650000000000,108.714285714286,0.004399134950
0.910000000000,1.650000000000,111.000000000000,0.005112606670
0.910000000000,1.660000000000,95.000000000000,0.006177008030
0.910000000000,1.660000000000,97.285714285714,0.005004346590
0.910000000000,1.660000000000,99.571428571429,0.004180521120
0.910000000000,1.660000000000,101.857142857143,0.003694774750
0.910000000000,1.660000000000,104.142857142857,0.003536081910
0.910000000000,1.660000000000,106.428571428571,0.003693187220
0.910000000000,1.660000000000,108.714285714286,0.004154655990
0.910000000000,1.660000000000,111.000000000000,0.004908923610
0.910000000000,1.670000000000,95.000000000000,0.005723294960
0.910000000000,1.670000000000,97.285714285714,0.004612685810
0.910000000000,1.670000000000,99.571428571429,0.003846628880
0.910000000000,1.670000000000,101.857142857143,0.003414567710
0.910000000000,1.670000000000,104.142857142857,0.003305677880
0.910000000000,1.670000000000,106.428571428571,0.003508904830
0.910000000000,1.670000000000,108.714285714286,0.004013013290
0.910000000000,1.670000000000,111.000000000000,0.004806635720
0.910000000000,1.680000000000,95.000000000000,0.005376070250
0.910000000000,1.680000000000,97.285714285714,0.004325889490
0.910000000000,1.680000000000,99.571428571429,0.003616009040
0.910000000000,1.680000000000,101.857142857143,0.003236073780
0.910000000000,1.680000000000,104.142857142857,0.003175461310
0.910000000000,1.680000000000,106.428571428571,0.003423318710
0.910000000000,1.680000000000,108.714285714286,0.003968610970
0.910000000000,1.680000000000,111.000000000000,0.004800168400
0.910000000000,1.690000000000,95.000000000000,0.005129849990
0.910000000000,1.690000000000,97.285714285714,0.004138496980
0.910000000000,1.690000000000,99.571428571429,0.003483223930
0.910000000000,1.690000000000,101.857142857143,0.003153877930
0.910000000000,1.690000000000,104.142857142857,0.003140039510
0.910000000000,1.690000000000,106.428571428571,0.003431058200
0.910000000000,1.690000000000,108.714285714286,0.004016100020
0.910000000000,1.690000000000,111.000000000000,0.004884193920
0.910000000000,1.700000000000,95.000000000000,0.004979385370
0.910000000000,1.700000000000,97.285714285714,0.004045282690
0.910000000000,1.700000000000,99.571428571429,0.003443070910
0.910000000000,1.700000000000,101.857142857143,0.003162800230
0.910000000000,1.700000000000,104.142857142857,0.003194254900
0.910000000000,1.700000000000,106.428571428571,0.003526987720
0.910000000000,1.700000000000,108.714285714286,0.004150366520
0.910000000000,1.700000000000,111.000000000000,0.005053619630
0.910000000000,1.710000000000,95.000000000000,0.004919651290
0.910000000000,1.710000000000,97.285714285714,0.004041244790
0.910000000000,1.710000000000,99.571428571429,0.003490571120
0.910000000000,1.710000000000,101.857142857143,0.003257884470
0.910000000000,1.710000000000,104.142857142857,0.003333173600
0.910000000000,1.710000000000,106.428571428571,0.003706195410
0.910000000000,1.710000000000,108.714285714286,0.004366520270
0.910000000000,1.710000000000,111.000000000000,0.005303576600
0.910000000000,1.720000000000,95.000000000000,0.004945835520
0.910000000000,1.720000000000,97.285714285714,0.004121594270
0.910000000000,1.720000000000,99.571428571429,0.003620958540
0.910000000000,1.720000000000,101.857142857143,0.003434387280
0.910000000000,1.720000000000,104.142857142857,0.003552074620
0.910000000000,1.720000000000,106.428571428571,0.003963982290
0.910000000000,1.720000000000,108.714285714286,0.004659883940
0.910000000000,1.720000000000,111.000000000000,0.005629408770
0.910000000000,1.730000000000,95.000000000000,0.005053328220
0.910000000000,1.730000000000,97.285714285714,0.004281744560
0.910000000000,1.730000000000,99.571428571429,0.003829669530
0.910000000000,1.730000000000,101.857142857143,0.003687767710
0.910000000000,1.730000000000,104.142857142857,0.003846439350
0.910000000000,1.730000000000,106.428571428571,0.004295851750
0.910000000000,1.730000000000,108.714285714286,0.005025982560
0.910000000000,1.730000000000,111.000000000000,0.006026662480
0.910000000000,1.740000000000,95.000000000000,0.005237711990
0.910000000000,1.740000000000,97.285714285714,0.004517301480
0.910000000000,1.740000000000,99.571428571429,0.004112332910
0.910000000000,1.740000000000,101.857142857143,0.004013677230
0.910000000000,1.740000000000,104.142857142857,0.004211941610
0.910000000000,1.740000000000,106.428571428571,0.004697499630
0.910000000000,1.740000000000,108.714285714286,0.005460533650
0.910000000000,1.740000000000,111.000000000000,0.006491076490
0.910000000000,1.750000000000,95.000000000000,0.005494752290
0.910000000000,1.750000000000,97.285714285714,0.004824053760
0.910000000000,1.750000000000,99.571428571429,0.004464760330
0.910000000000,1.750000000000,101.857142857143,0.004407950180
0.910000000000,1.750000000000,104.142857142857,0.004644438080
0.910000000000,1.750000000000,106.428571428571,0.005164804630
0.910000000000,1.750000000000,108.714285714286,0.005959437540
0.910000000000,1.750000000000,111.000000000000,0.007018572420
0.920000000000,1.650000000000,95.000000000000,0.005648184610
0.920000000000,1.650000000000,97.285714285714,0.004419139890
0.920000000000,1.650000000000,99.571428571429,0.003542195460
0.920000000000,1.650000000000,101.857142857143,0.003006565430
0.920000000000,1.650000000000,104.142857142857,0.002801185910
0.920000000000,1.650000000000,106.428571428571,0.002914754010
0.920000000000,1.650000000000,108.714285714286,0.003335778580
0.920000000000,1.650000000000,111.000000000000,0.004052629830
0.920000000000,1.660000000000,95.000000000000,0.005079558400
0.920000000000,1.660000000000,97.285714285714,0.003913960290
0.920000000000,1.660000000000,99.571428571429,0.003096165000
0.920000000000,1.660000000000,101.857142857143,0.002615585740
0.920000000000,1.660000000000,104.142857142857,0.002461358460
0.920000000000,1.660000000000,106.428571428571,0.002622379740
0.920000000000,1.660000000000,108.714285714286,0.003087356530
0.920000000000,1.660000000000,111.000000000000,0.003844854780
0.920000000000,1.670000000000,95.000000000000,0.004623074770
0.920000000000,1.670000000000,97.285714285714,0.003519276650
0.920000000000,1.670000000000,99.571428571429,0.002759015980
0.920000000000,1.670000000000,101.857142857143,0.002331906030
0.920000000000,1.670000000000,104.142857142857,0.002227283470
0.920000000000,1.670000000000,106.428571428571,0.002434245230
0.920000000000,1.670000000000,108.714285714286,0.002941697180
0.920000000000,1.670000000000,111.000000000000,0.003738401820
0.920000000000,1.680000000000,95.000000000000,0.004273011870
0.920000000000,1.680000000000,97.285714285714,0.003229390370
0.920000000000,1.680000000000,99.571428571429,0.002525072780
0.920000000000,1.680000000000,101.857142857143,0.002149873350
0.920000000000,1.680000000000,104.142857142857,0.002093330340
0.920000000000,1.680000000000,106.428571428571,0.002344741880
0.920000000000,1.680000000000,108.714285714286,0.002893213580
0.920000000000,1.680000000000,111.000000000000,0.003727705270
0.920000000000,1.690000000000,95.000000000000,0.004023894750
0.920000000000,1.690000000000,97.285714285714,0.003038849710
0.920000000000,1.690000000000,99.571428571429,0.002388906620
0.920000000000,1.690000000000,101.857142857143,0.002064081580
0.920000000000,1.690000000000,104.142857142857,0.002054115310
0.920000000000,1.690000000000,106.428571428571,0.002348507950
0.920000000000,1.690000000000,108.714285714286,0.002936565650
0.920000000000,1.690000000000,111.000000000000,0.003807446320
0.920000000000,1.700000000000,95.000000000000,0.003870483480
0.920000000000,1.700000000000,97.285714285714,0.002942438030
0.920000000000,1.700000000000,99.571428571429,0.002345323830
0.920000000000,1.700000000000,101.857142857143,0.002069359700
0.920000000000,1.700000000000,104.142857142857,0.002104489710
0.920000000000,1.700000000000,106.428571428571,0.002440416790
0.920000000000,1.700000000000,108.714285714286,0.003066648390
0.920000000000,1.700000000000,111.000000000000,0.003972541250
0.920000000000,1.710000000000,95.000000000000,0.003807761920
0.920000000000,1.710000000000,97.285714285714,0.002935162400
0.920000000000,1.710000000000,99.571428571429,0.002389354440
0.920000000000,1.710000000000,101.857142857143,0.002160760450
0.920000000000,1.710000000000,104.142857142857,0.002239528610
0.920000000000,1.710000000000,106.428571428571,0.002615565460
0.920000000000,1.710000000000,108.714285714286,0.003278580520
0.920000000000,1.710000000000,111.000000000000,0.004218130060
0.920000000000,1.720000000000,95.000000000000,0.003830926750
0.920000000000,1.720000000000,97.285714285714,0.003012242760
0.920000000000,1.720000000000,99.571428571429,0.002516241360
0.920000000000,1.720000000000,101.857142857143,0.002333549380
0.920000000000,1.720000000000,104.142857142857,0.002454519920
0.920000000000,1.720000000000,106.428571428571,0.002869263910
0.920000000000,1.720000000000,108.714285714286,0.003567693620
0.920000000000,1.720000000000,111.000000000000,0.004539565600
0.920000000000,1.730000000000,95.000000000000,0.003935377060
0.920000000000,1.730000000000,97.285714285714,0.003169101440
0.920000000000,1.730000000000,99.571428571429,0.002721429880
0.920000000000,1.730000000000,101.857142857143,0.002583194450
0.920000000000,1.730000000000,104.142857142857,0.002744953960
0.920000000000,1.730000000000,106.428571428571,0.003197024450
0.920000000000,1.730000000000,108.714285714286,0.003929521680
0.920000000000,1.730000000000,111.000000000000,0.004932403140
0.920000000000,1.740000000000,95.000000000000,0.004116704360
0.920000000000,1.740000000000,97.285714285714,0.003401353200
0.920000000000,1.740000000000,99.571428571429,0.003000557740
0.920000000000,1.740000000000,101.857142857143,0.002905356070
0.920000000000,1.740000000000,104.142857142857,0.003106513480
0.920000000000,1.740000000000,106.428571428571,0.003594551840
0.920000000000,1.740000000000,108.714285714286,0.004359791110
0.920000000000,1.740000000000,111.000000000000,0.005392390350
0.920000000000,1.750000000000,95.000000000000,0.004370683040
0.920000000000,1.750000000000,97.285714285714,0.003704795670
0.920000000000,1.750000000000,99.571428571429,0.003349445530
0.920000000000,1.750000000000,101.857142857143,0.003295877500
0.920000000000,1.750000000000,104.142857142857,0.003535064090
0.920000000000,1.750000000000,106.428571428571,0.004057733710
0.920000000000,1.750000000000,108.714285714286,0.004854411190
0.920000000000,1.750000000000,111.000000000000,0.005915457810
0.930000000000,1.650000000000,95.000000000000,0.004804287820
0.930000000000,1.650000000000,97.285714285714,0.003582644950
0.930000000000,1.650000000000,99.571428571429,0.002712012530
0.930000000000,1.650000000000,101.857142857143,0.002181776490
0.930000000000,1.650000000000,104.142857142857,0.001981036310
0.930000000000,1.650000000000,106.428571428571,0.002098643100
0.930000000000,1.650000000000,108.714285714286,0.002523249510
0.930000000000,1.650000000000,111.000000000000,0.003243358630
0.930000000000,1.660000000000,95.000000000000,0.004233107300
0.930000000000,1.660000000000,97.285714285714,0.003074658870
0.930000000000,1.660000000000,99.571428571429,0.002262941790
0.930000000000,1.660000000000,101.857142857143,0.001787540730
0.930000000000,1.660000000000,104.142857142857,0.001637754610
0.930000000000,1.660000000000,106.428571428571,0.001802633520
0.930000000000,1.660000000000,108.714285714286,0.002271027740
0.930000000000,1.660000000000,111.000000000000,0.003031635540
0.930000000000,1.670000000000,95.000000000000,0.003773986560
0.930000000000,1.670000000000,97.285714285714,0.002677086450
0.930000000000,1.670000000000,99.571428571429,0.001922670700
0.930000000000,1.670000000000,101.857142857143,0.001500523670
0.930000000000,1.670000000000,104.142857142857,0.001400144570
0.930000000000,1.670000000000,106.428571428571,0.001610783400
0.930000000000,1.670000000000,108.714285714286,0.002121488840
0.930000000000,1.670000000000,111.000000000000,0.002921155180
0.930000000000,1.680000000000,95.000000000000,0.003421212670
0.930000000000,1.680000000000,97.285714285714,0.002384238010
0.930000000000,1.680000000000,99.571428571429,0.001685532560
0.930000000000,1.680000000000,101.857142857143,0.001315081270
0.930000000000,1.680000000000,104.142857142857,0.001262584520
0.930000000000,1.680000000000,106.428571428571,0.001517493060
0.930000000000,1.680000000000,108.714285714286,0.002069054790
0.930000000000,1.680000000000,111.000000000000,0.002906360800
0.930000000000,1.690000000000,95.000000000000,0.003169319580
0.930000000000,1.690000000000,97.285714285714,0.002190670750
0.930000000000,1.690000000000,99.571428571429,0.001546107530
0.930000000000,1.690000000000,101.857142857143,0.001225816340
0.930000000000,1.690000000000,104.142857142857,0.001219699630
0.930000000000,1.690000000000,106.428571428571,0.001517409690
0.930000000000,1.690000000000,108.714285714286,0.002108394440
0.930000000000,1.690000000000,111.000000000000,0.002981942520
0.930000000000,1.700000000000,95.000000000000,0.003013076320
0.930000000000,1.700000000000,97.285714285714,0.002091176940
0.930000000000,1.700000000000,99.571428571429,0.001499210840
0.930000000000,1.700000000000,101.857142857143,0.001227566810
0.930000000000,1.700000000000,104.142857142857,0.001266350160
0.930000000000,1.700000000000,106.428571428571,0.001605415540
0.930000000000,1.700000000000,108.714285714286,0.002234411700
0.930000000000,1.700000000000,111.000000000000,0.003142825520
0.930000000000,1.710000000000,95.000000000000,0.002947475650
0.930000000000,1.710000000000,97.285714285714,0.002080772590
0.930000000000,1.710000000000,99.571428571429,0.001539881470
0.930000000000,1.710000000000,101.857142857143,0.001315394290
0.930000000000,1.710000000000,104.142857142857,0.001397620080
0.930000000000,1.710000000000,106.428571428571,0.001776616630
0.930000000000,1.710000000000,108.714285714286,0.002442234220
0.930000000000,1.710000000000,111.000000000000,0.003384158750
0.930000000000,1.720000000000,95.000000000000,0.002967723170
0.930000000000,1.720000000000,97.285714285714,0.002154686540
0.930000000000,1.720000000000,99.571428571429,0.001663371240
0.930000000000,1.720000000000,101.857142857143,0.001484573290
0.930000000000,1.720000000000,104.142857142857,0.001608806250
0.930000000000,1.720000000000,106.428571428571,0.002026331800
0.930000000000,1.720000000000,108.714285714286,0.002727202500
0.930000000000,1.720000000000,111.000000000000,0.003701303980
0.930000000000,1.730000000000,95.000000000000,0.003069226910
0.930000000000,1.730000000000,97.285714285714,0.002308350070
0.930000000000,1.730000000000,99.571428571429,0.001865134370
0.930000000000,1.730000000000,101.857142857143,0.001730580700
0.930000000000,1.730000000000,104.142857142857,0.001895407900
0.930000000000,1.730000000000,106.428571428571,0.002350082300
0.930000000000,1.730000000000,108.714285714286,0.003084859470
0.930000000000,1.730000000000,111.000000000000,0.004089825390
0.930000000000,1.740000000000,95.000000000000,0.003247587300
0.930000000000,1.740000000000,97.285714285714,0.002537386850
0.930000000000,1.740000000000,99.571428571429,0.002140817510
0.930000000000,1.740000000000,101.857142857143,0.002049085830
0.930000000000,1.740000000000,104.142857142857,0.002253116700
0.930000000000,1.740000000000,106.428571428571,0.002743581820
0.930000000000,1.740000000000,108.714285714286,0.003510940440
0.930000000000,1.740000000000,111.000000000000,0.004545479600
0.930000000000,1.750000000000,95.000000000000,0.003498587650
0.930000000000,1.750000000000,97.285714285714,0.002837603430
0.930000000000,1.750000000000,99.571428571429,0.002486250180
0.930000000000,1.750000000000,101.857142857143,0.002435940880
0.930000000000,1.750000000000,104.142857142857,0.002677807190
0.930000000000,1.750000000000,106.428571428571,0.003202726910
0.930000000000,1.750000000000,108.714285714286,0.004001363630
0.930000000000,1.750000000000,111.000000000000,0.005064206080
0.940000000000,1.650000000000,95.000000000000,0.004194693770
0.940000000000,1.650000000000,97.285714285714,0.002980517140
0.940000000000,1.650000000000,99.571428571429,0.002116223060
0.940000000000,1.650000000000,101.857142857143,0.001591370680
0.940000000000,1.650000000000,104.142857142857,0.001395224320
0.940000000000,1.650000000000,106.428571428571,0.001516790660
0.940000000000,1.650000000000,108.714285714286,0.001944867870
0.940000000000,1.650000000000,111.000000000000,0.002668093670
0.940000000000,1.660000000000,95.000000000000,0.003621098980
0.940000000000,1.660000000000,97.285714285714,0.002469865230
0.940000000000,1.660000000000,99.571428571429,0.001664253310
0.940000000000,1.660000000000,101.857142857143,0.001194020740
0.940000000000,1.660000000000,104.142857142857,0.001048630850
0.940000000000,1.660000000000,106.428571428571,0.001217288870
0.940000000000,1.660000000000,108.714285714286,0.001688990040
0.940000000000,1.660000000000,111.000000000000,0.002452566790
0.940000000000,1.670000000000,95.000000000000,0.003159474880
0.940000000000,1.670000000000,97.285714285714,0.002069538400
0.940000000000,1.670000000000,99.571428571429,0.001320995150
0.940000000000,1.670000000000,101.857142857143,0.000903801942
0.940000000000,1.670000000000,104.142857142857,0.000807621985
0.940000000000,1.670000000000,106.428571428571,0.001021859950
0.940000000000,1.670000000000,108.714285714286,0.001535709000
0.940000000000,1.670000000000,111.000000000000,0.002338197000
0.940000000000,1.680000000000,95.000000000000,0.002804117470
0.940000000000,1.680000000000,97.285714285714,0.001773855920
0.940000000000,1.680000000000,99.571428571429,0.001080790810
0.940000000000,1.680000000000,101.857142857143,0.000715079164
0.940000000000,1.680000000000,104.142857142857,0.000666584968
0.940000000000,1.680000000000,106.428571428571,0.000924913160
0.940000000000,1.680000000000,108.714285714286,0.001479455630
0.940000000000,1.680000000000,111.000000000000,0.002319436490
0.940000000000,1.690000000000,95.000000000000,0.002549569630
0.940000000000,1.690000000000,97.285714285714,0.001577383900
0.940000000000,1.690000000000,99.571428571429,0.000938229364
0.940000000000,1.690000000000,101.857142857143,0.000622464156
0.940000000000,1.690000000000,104.142857142857,0.000620153895
0.940000000000,1.690000000000,106.428571428571,0.000921104606
0.940000000000,1.690000000000,108.714285714286,0.001514907700
0.940000000000,1.690000000000,111.000000000000,0.002390984300
0.940000000000,1.700000000000,95.000000000000,0.002390609310
0.940000000000,1.700000000000,97.285714285714,0.001474923530
0.940000000000,1.700000000000,99.571428571429,0.000888134973
0.940000000000,1.700000000000,101.857142857143,0.000620803747
0.940000000000,1.700000000000,104.142857142857,0.000663197942
0.940000000000,1.700000000000,106.428571428571,0.001005325480
0.940000000000,1.700000000000,108.714285714286,0.001636978060
0.940000000000,1.700000000000,111.000000000000,0.002547774550
0.940000000000,1.710000000000,95.000000000000,0.002322238190
0.940000000000,1.710000000000,97.285714285714,0.001461499740
0.940000000000,1.710000000000,99.571428571429,0.000925555534
0.940000000000,1.710000000000,101.857142857143,0.000705168500
0.940000000000,1.710000000000,104.142857142857,0.000790810024
0.940000000000,1.710000000000,106.428571428571,0.001172690700
0.940000000000,1.710000000000,108.714285714286,0.001840803280
0.940000000000,1.710000000000,111.000000000000,0.002784965080
0.940000000000,1.720000000000,95.000000000000,0.002339670810
0.940000000000,1.720000000000,97.285714285714,0.001532350320
0.940000000000,1.720000000000,99.571428571429,0.001045751790
0.940000000000,1.720000000000,101.857142857143,0.000870841830
0.940000000000,1.720000000000,104.142857142857,0.000998295903
0.940000000000,1.720000000000,106.428571428571,0.001418528050
0.940000000000,1.720000000000,108.714285714286,0.002121732790
0.940000000000,1.720000000000,111.000000000000,0.003097926610
0.940000000000,1.730000000000,95.000000000000,0.002438324100
0.940000000000,1.730000000000,97.285714285714,0.001682915440
0.940000000000,1.730000000000,99.571428571429,0.001244186900
0.940000000000,1.730000000000,101.857142857143,0.001113309550
0.940000000000,1.730000000000,104.142857142857,0.001281163750
0.940000000000,1.730000000000,106.428571428571,0.001738367700
0.940000000000,1.730000000000,108.714285714286,0.002475318420
0.940000000000,1.730000000000,111.000000000000,0.003482232230
0.940000000000,1.740000000000,95.000000000000,0.002613807420
0.940000000000,1.740000000000,97.285714285714,0.001908827720
0.940000000000,1.740000000000,99.571428571429,0.001516516420
0.940000000000,1.740000000000,101.857142857143,0.001428249910
0.940000000000,1.740000000000,104.142857142857,0.001635114150
0.940000000000,1.740000000000,106.428571428571,0.002127932260
0.940000000000,1.740000000000,108.714285714286,0.002897304430
0.940000000000,1.740000000000,111.000000000000,0.003933647490
0.940000000000,1.750000000000,95.000000000000,0.002861913020
0.940000000000,1.750000000000,97.285714285714,0.002205902620
0.940000000000,1.750000000000,99.571428571429,0.001858578810
0.940000000000,1.750000000000,101.857142857143,0.001811524010
0.940000000000,1.750000000000,104.142857142857,0.002056030560
0.940000000000,1.750000000000,106.428571428571,0.002583127190
0.940000000000,1.750000000000,108.714285714286,0.003383617950
0.940000000000,1.750000000000,111.000000000000,0.004448120790
0.950000000000,1.650000000000,95.000000000000,0.003803857360
0.950000000000,1.650000000000,97.285714285714,0.002597190010
0.950000000000,1.650000000000,99.571428571429,0.001739239530
0.950000000000,1.650000000000,101.857142857143,0.001219739670
0.950000000000,1.650000000000,104.142857142857,0.001028121080
0.950000000000,1.650000000000,106.428571428571,0.001153547650
0.950000000000,1.650000000000,108.714285714286,0.001584964730
0.950000000000,1.650000000000,111.000000000000,0.002311146510
0.950000000000,1.660000000000,95.000000000000,0.003227988620
0.950000000000,1.660000000000,97.285714285714,0.002084013210
0.950000000000,1.660000000000,99.571428571429,0.001284512340
0.950000000000,1.660000000000,101.857142857143,0.000819417730
0.950000000000,1.660000000000,104.142857142857,0.000678358631
0.950000000000,1.660000000000,106.428571428571,0.000850697019
0.950000000000,1.660000000000,108.714285714286,0.001325574820
0.950000000000,1.660000000000,111.000000000000,0.002091960370
0.950000000000,1.670000000000,95.000000000000,0.002763995200
0.950000000000,1.670000000000,97.285714285714,0.001681066670
0.950000000000,1.670000000000,99.571428571429,0.000938402415
0.950000000000,1.670000000000,101.857142857143,0.000526133102
0.950000000000,1.670000000000,104.142857142857,0.000434087457
0.950000000000,1.670000000000,106.428571428571,0.000651826415
0.950000000000,1.670000000000,108.714285714286,0.001168689320
0.950000000000,1.670000000000,111.000000000000,0.001973839420
0.950000000000,1.680000000000,95.000000000000,0.002406182060
0.950000000000,1.680000000000,97.285714285714,0.001382678550
0.950000000000,1.680000000000,99.571428571429,0.000695260893
0.950000000000,1.680000000000,101.857142857143,0.000334259590
0.950000000000,1.680000000000,104.142857142857,0.000289703717
0.950000000000,1.680000000000,106.428571428571,0.000551354013
0.950000000000,1.680000000000,108.714285714286,0.001108748050
0.950000000000,1.680000000000,111.000000000000,0.001951244780
0.950000000000,1.690000000000,95.000000000000,0.002149100980
0.950000000000,1.690000000000,97.285714285714,0.001183423900
0.950000000000,1.690000000000,99.571428571429,0.000549685787
0.950000000000,1.690000000000,101.857142857143,0.000238417867
0.950000000000,1.690000000000,104.142857142857,0.000239850432
0.950000000000,1.690000000000,106.428571428571,0.000543944847
0.950000000000,1.690000000000,108.714285714286,0.001140437700
0.950000000000,1.690000000000,111.000000000000,0.002018884410
0.950000000000,1.700000000000,95.000000000000,0.001987538830
0.950000000000,1.700000000000,97.285714285714,0.001078112830
0.950000000000,1.700000000000,99.571428571429,0.000496510174
0.950000000000,1.700000000000,101.857142857143,0.000233463684
0.950000000000,1.700000000000,104.142857142857,0.000279405704
0.950000000000,1.700000000000,106.428571428571,0.000624499030
0.950000000000,1.700000000000,108.714285714286,0.001258680040
0.950000000000,1.700000000000,111.000000000000,0.002171701350
0.950000000000,1.710000000000,95.000000000000,0.001916506230
0.950000000000,1.710000000000,97.285714285714,0.001061779210
0.950000000000,1.710000000000,99.571428571429,0.000530790880
0.950000000000,1.710000000000,101.857142857143,0.000314476530
0.950000000000,1.710000000000,104.142857142857,0.000403471371
0.950000000000,1.710000000000,106.428571428571,0.000788140410
0.950000000000,1.710000000000,108.714285714286,0.001458620570
0.950000000000,1.710000000000,111.000000000000,0.002404862370
0.950000000000,1.720000000000,95.000000000000,0.001931226630
0.950000000000,1.720000000000,97.285714285714,0.001129669720
0.950000000000,1.720000000000,99.571428571429,0.000647797569
0.950000000000,1.720000000000,101.857142857143,0.000476748742
0.950000000000,1.720000000000,104.142857142857,0.000607362119
0.950000000000,1.720000000000,106.428571428571,0.001030205690
0.950000000000,1.720000000000,108.714285714286,0.001735617640
0.950000000000,1.720000000000,111.000000000000,0.002713747100
0.950000000000,1.730000000000,95.000000000000,0.002027125890
0.950000000000,1.730000000000,97.285714285714,0.001277233490
0.950000000000,1.730000000000,99.571428571429,0.000843002320
0.950000000000,1.730000000000,101.857142857143,0.000715775061
0.950000000000,1.730000000000,104.142857142857,0.000886595043
0.950000000000,1.730000000000,106.428571428571,0.001346233960
0.950000000000,1.730000000000,108.714285714286,0.002085232000
0.950000000000,1.730000000000,111.000000000000,0.003093937590
0.950000000000,1.740000000000,95.000000000000,0.002199822300
0.950000000000,1.740000000000,97.285714285714,0.001500112040
0.950000000000,1.740000000000,99.571428571429,0.001112069630
0.950000000000,1.740000000000,101.857142857143,0.001027242650
0.950000000000,1.740000000000,104.142857142857,0.001236879650
0.950000000000,1.740000000000,106.428571428571,0.001731956770
0.950000000000,1.740000000000,108.714285714286,0.002503216850
0.950000000000,1.740000000000,111.000000000000,0.003541208270
0.950000000000,1.750000000000,95.000000000000,0.002445117030
0.950000000000,1.750000000000,97.285714285714,0.001794129770
0.950000000000,1.750000000000,99.571428571429,0.001450846850
0.950000000000,1.750000000000,101.857142857143,0.001407021550
0.950000000000,1.750000000000,104.142857142857,0.001654108330
0.950000000000,1.750000000000,106.428571428571,0.002183288490
0.950000000000,1.750000000000,108.714285714286,0.002985508220
0.950000000000,1.750000000000,111.000000000000,0.004051516490
0.960000000000,1.650000000000,95.000000000000,0.003617177380
0.960000000000,1.650000000000,97.285714285714,0.002418041030
0.960000000000,1.650000000000,99.571428571429,0.001566418330
0.960000000000,1.650000000000,101.857142857143,0.001052219030
0.960000000000,1.650000000000,104.142857142857,0.000865041666
0.960000000000,1.650000000000,106.428571428571,0.000994208933
0.960000000000,1.650000000000,108.714285714286,0.001428815080
0.960000000000,1.650000000000,111.000000000000,0.002157772600
0.960000000000,1.660000000000,95.000000000000,0.003039175300
0.960000000000,1.660000000000,97.285714285714,0.001902480590
0.960000000000,1.660000000000,99.571428571429,0.001109075570
0.960000000000,1.660000000000,101.857142857143,0.000649067574
0.960000000000,1.660000000000,104.142857142857,0.000512253324
0.960000000000,1.660000000000,106.428571428571,0.000688153138
0.960000000000,1.660000000000,108.714285714286,0.001166057350
0.960000000000,1.660000000000,111.000000000000,0.001935072030
0.960000000000,1.670000000000,95.000000000000,0.002572946930
0.960000000000,1.670000000000,97.285714285714,0.001497049300
0.960000000000,1.670000000000,99.571428571429,0.000760249463
0.960000000000,1.670000000000,101.857142857143,0.000352853327
0.960000000000,1.670000000000,104.142857142857,0.000264856651
0.960000000000,1.670000000000,106.428571428571,0.000485978254
0.960000000000,1.670000000000,108.714285714286,0.001005705390
0.960000000000,1.670000000000,111.000000000000,0.001813338500
0.960000000000,1.680000000000,95.000000000000,0.002212806130
0.960000000000,1.680000000000,97.285714285714,0.001196084250
0.960000000000,1.680000000000,99.571428571429,0.000514300088
0.960000000000,1.680000000000,101.857142857143,0.000157959019
0.960000000000,1.680000000000,104.142857142857,0.000117256727
0.960000000000,1.680000000000,106.428571428571,0.000382111376
0.960000000000,1.680000000000,108.714285714286,0.000942207943
0.960000000000,1.680000000000,111.000000000000,0.001787042030
0.960000000000,1.690000000000,95.000000000000,0.001953313610
0.960000000000,1.690000000000,97.285714285714,0.000994169402
0.960000000000,1.690000000000,99.571428571429,0.000365834374
0.960000000000,1.690000000000,101.857142857143,0.000059014245
0.960000000000,1.690000000000,104.142857142857,0.000064105499
0.960000000000,1.690000000000,106.428571428571,0.000371226461
0.960000000000,1.690000000000,108.714285714286,0.000970260622
0.960000000000,1.690000000000,111.000000000000,0.001850899490
0.960000000000,1.700000000000,95.000000000000,0.001789265170
0.960000000000,1.700000000000,97.285714285714,0.000886123802
0.960000000000,1.700000000000,99.571428571429,0.000309694322
0.960000000000,1.700000000000,101.857142857143,0.000050883682
0.960000000000,1.700000000000,104.142857142857,0.000100289994
0.960000000000,1.700000000000,106.428571428571,0.000448232548
0.960000000000,1.700000000000,108.714285714286,0.001084794120
0.960000000000,1.700000000000,111.000000000000,0.001999862870
0.960000000000,1.710000000000,95.000000000000,0.001715680350
0.960000000000,1.710000000000,97.285714285714,0.000866990227
0.960000000000,1.710000000000,99.571428571429,0.000340945682
0.960000000000,1.710000000000,101.857142857143,0.000128655743
0.960000000000,1.710000000000,104.142857142857,0.000220920972
0.960000000000,1.710000000000,106.428571428571,0.000608262408
0.960000000000,1.710000000000,108.714285714286,0.001280962860
0.960000000000,1.710000000000,111.000000000000,0.002229107860
0.960000000000,1.720000000000,95.000000000000,0.001727791520
0.960000000000,1.720000000000,97.285714285714,0.000932024301
0.960000000000,1.720000000000,99.571428571429,0.000454867041
0.960000000000,1.720000000000,101.857142857143,0.000287631688
0.960000000000,1.720000000000,104.142857142857,0.000421322045
0.960000000000,1.720000000000,106.428571428571,0.000846661664
0.960000000000,1.720000000000,108.714285714286,0.001554134120
0.960000000000,1.720000000000,111.000000000000,0.002534023020
0.960000000000,1.730000000000,95.000000000000,0.001821033470
0.960000000000,1.730000000000,97.285714285714,0.001076684060
0.960000000000,1.730000000000,99.571428571429,0.000646939403
0.960000000000,1.730000000000,101.857142857143,0.000523315182
0.960000000000,1.730000000000,104.142857142857,0.000697019229
0.960000000000,1.730000000000,106.428571428571,0.001158978340
0.960000000000,1.730000000000,108.714285714286,0.001899877580
0.960000000000,1.730000000000,111.000000000000,0.002910199290
0.960000000000,1.740000000000,95.000000000000,0.001991033420
0.960000000000,1.740000000000,97.285714285714,0.001296619950
0.960000000000,1.740000000000,99.571428571429,0.000912836184
0.960000000000,1.740000000000,101.857142857143,0.000831402312
0.960000000000,1.740000000000,104.142857142857,0.001043730960
0.960000000000,1.740000000000,106.428571428571,0.001540952900
0.960000000000,1.740000000000,108.714285714286,0.002313955340
0.960000000000,1.740000000000,111.000000000000,0.003353420060
0.960000000000,1.750000000000,95.000000000000,0.002233601440
0.960000000000,1.750000000000,97.285714285714,0.001587665310
0.960000000000,1.750000000000,99.571428571429,0.001248413680
0.960000000000,1.750000000000,101.857142857143,0.001207772040
0.960000000000,1.750000000000,104.142857142857,0.001457358550
0.960000000000,1.750000000000,106.428571428571,0.001988508640
0.960000000000,1.750000000000,108.714285714286,0.002792312390
0.960000000000,1.750000000000,111.000000000000,0.003859651590
0.970000000000,1.650000000000,95.000000000000,0.003620934470
0.970000000000,1.650000000000,97.285714285714,0.002429329480
0.970000000000,1.650000000000,99.571428571429,0.001583997660
0.970000000000,1.650000000000,101.857142857143,0.001075026180
0.970000000000,1.650000000000,104.142857142857,0.000892182976
0.970000000000,1.650000000000,106.428571428571,0.001024951200
0.970000000000,1.650000000000,108.714285714286,0.001462575750
0.970000000000,1.650000000000,111.000000000000,0.002194109230
0.970000000000,1.660000000000,95.000000000000,0.003040939980
0.970000000000,1.660000000000,97.285714285714,0.001911526960
0.970000000000,1.660000000000,99.571428571429,0.001124181490
0.970000000000,1.660000000000,101.857142857143,0.000669187986
0.970000000000,1.660000000000,104.142857142857,0.000536512124
0.970000000000,1.660000000000,106.428571428571,0.000715834218
0.970000000000,1.660000000000,108.714285714286,0.001196594760
0.970000000000,1.660000000000,111.000000000000,0.001968039380
0.970000000000,1.670000000000,95.000000000000,0.002572611300
0.970000000000,1.670000000000,97.285714285714,0.001503746200
0.970000000000,1.670000000000,99.571428571429,0.000772775113
0.970000000000,1.670000000000,101.857142857143,0.000370180627
0.970000000000,1.670000000000,104.142857142857,0.000286127060
0.970000000000,1.670000000000,106.428571428571,0.000510492760
0.970000000000,1.670000000000,108.714285714286,0.001032914630
0.970000000000,1.670000000000,111.000000000000,0.001842832120
0.970000000000,1.680000000000,95.000000000000,0.002210271210
0.970000000000,1.680000000000,97.285714285714,0.001200333210
0.970000000000,1.680000000000,99.571428571429,0.000524147508
0.970000000000,1.680000000000,101.857142857143,0.000172395756
0.970000000000,1.680000000000,104.142857142857,0.000135441792
0.970000000000,1.680000000000,106.428571428571,0.000403362838
0.970000000000,1.680000000000,108.714285714286,0.000965993016
0.970000000000,1.680000000000,111.000000000000,0.001812966400
0.970000000000,1.690000000000,95.000000000000,0.001948489350
0.970000000000,1.690000000000,97.285714285714,0.000995880902
0.970000000000,1.690000000000,99.571428571429,0.000372914536
0.970000000000,1.690000000000,101.857142857143,0.000070471896
0.970000000000,1.690000000000,104.142857142857,0.000079117189
0.970000000000,1.690000000000,106.428571428571,0.000389127337
0.970000000000,1.690000000000,108.714285714286,0.000990534470
0.970000000000,1.690000000000,111.000000000000,0.001873168030
0.970000000000,1.700000000000,95.000000000000,0.001782070450
0.970000000000,1.700000000000,97.285714285714,0.000885217226
0.970000000000,1.700000000000,99.571428571429,0.000313927125
0.970000000000,1.700000000000,101.857142857143,0.000059282645
0.970000000000,1.700000000000,104.142857142857,0.000112049201
0.970000000000,1.700000000000,106.428571428571,0.000462704217
0.970000000000,1.700000000000,108.714285714286,0.001101478600
0.970000000000,1.700000000000,111.000000000000,0.002018397900
0.970000000000,1.710000000000,95.000000000000,0.001706042960
0.970000000000,1.710000000000,97.285714285714,0.000863393888
0.970000000000,1.710000000000,99.571428571429,0.000342259945
0.970000000000,1.710000000000,101.857142857143,0.000133925340
0.970000000000,1.710000000000,104.142857142857,0.000229357515
0.970000000000,1.710000000000,106.428571428571,0.000619235175
0.970000000000,1.710000000000,108.714285714286,0.001293988760
0.970000000000,1.710000000000,111.000000000000,0.002243840640
0.970000000000,1.720000000000,95.000000000000,0.001715648200
0.970000000000,1.720000000000,97.285714285714,0.000925675435
0.970000000000,1.720000000000,99.571428571429,0.000453200511
0.970000000000,1.720000000000,101.857142857143,0.000289710166
0.970000000000,1.720000000000,104.142857142857,0.000426374663
0.970000000000,1.720000000000,106.428571428571,0.000854074756
0.970000000000,1.720000000000,108.714285714286,0.001563441140
0.970000000000,1.720000000000,111.000000000000,0.002544893720
0.970000000000,1.730000000000,95.000000000000,0.001806329860
0.970000000000,1.730000000000,97.285714285714,0.001067528830
0.970000000000,1.730000000000,99.571428571429,0.000642238748
0.970000000000,1.730000000000,101.857142857143,0.000522149712
0.970000000000,1.730000000000,104.142857142857,0.000698635588
0.970000000000,1.730000000000,106.428571428571,0.001162779910
0.970000000000,1.730000000000,108.714285714286,0.001905414360
0.970000000000,1.730000000000,111.000000000000,0.002917157020
0.970000000000,1.740000000000,95.000000000000,0.001973724080
0.970000000000,1.740000000000,97.285714285714,0.001284613440
0.970000000000,1.740000000000,99.571428571429,0.000905056997
0.970000000000,1.740000000000,101.857142857143,0.000826948988
0.970000000000,1.740000000000,104.142857142857,0.001041867650
0.970000000000,1.740000000000,106.428571428571,0.001541100020
0.970000000000,1.740000000000,108.714285714286,0.002315679430
0.970000000000,1.740000000000,111.000000000000,0.003356422850
0.970000000000,1.750000000000,95.000000000000,0.002213649880
0.970000000000,1.750000000000,97.285714285714,0.001572771530
0.970000000000,1.750000000000,99.571428571429,0.001237520480
0.970000000000,1.750000000000,101.857142857143,0.001199995880
0.970000000000,1.750000000000,104.142857142857,0.001451981080
0.970000000000,1.750000000000,106.428571428571,0.001984967320
0.970000000000,1.750000000000,108.714285714286,0.002790190260
0.970000000000,1.750000000000,111.000000000000,0.003858666380
0.980000000000,1.650000000000,95.000000000000,0.003802233710
0.980000000000,1.650000000000,97.285714285714,0.002618139130
0.980000000000,1.650000000000,99.571428571429,0.001779040200
0.980000000000,1.650000000000,101.857142857143,0.001275202980
0.980000000000,1.650000000000,104.142857142857,0.001096566350
0.980000000000,1.650000000000,106.428571428571,0.001232775590
0.980000000000,1.650000000000,108.714285714286,0.001673227990
0.980000000000,1.650000000000,111.000000000000,0.002407118140
0.980000000000,1.660000000000,95.000000000000,0.003220388020
0.980000000000,1.660000000000,97.285714285714,0.002098236360
0.980000000000,1.660000000000,99.571428571429,0.001316893090
0.980000000000,1.660000000000,101.857142857143,0.000866821119
0.980000000000,1.660000000000,104.142857142857,0.000738156669
0.980000000000,1.660000000000,106.428571428571,0.000920741697
0.980000000000,1.660000000000,108.714285714286,0.001404168600
0.980000000000,1.660000000000,111.000000000000,0.002177824440
0.980000000000,1.670000000000,95.000000000000,0.002750093970
0.980000000000,1.670000000000,97.285714285714,0.001688241690
0.980000000000,1.670000000000,99.571428571429,0.000963042622
0.980000000000,1.670000000000,101.857142857143,0.000565157452
0.980000000000,1.670000000000,104.142857142857,0.000484920624
0.980000000000,1.670000000000,106.428571428571,0.000712371666
0.980000000000,1.670000000000,108.714285714286,0.001237298880
0.980000000000,1.670000000000,111.000000000000,0.002049282620
0.980000000000,1.680000000000,95.000000000000,0.002385683260
0.980000000000,1.680000000000,97.285714285714,0.001382510080
0.980000000000,1.680000000000,99.571428571429,0.000711866707
0.980000000000,1.680000000000,101.857142857143,0.000364612553
0.980000000000,1.680000000000,104.142857142857,0.000331281147
0.980000000000,1.680000000000,106.428571428571,0.000602110432
0.980000000000,1.680000000000,108.714285714286,0.001167085430
0.980000000000,1.680000000000,111.000000000000,0.002015980550
0.980000000000,1.690000000000,95.000000000000,0.002121734470
0.980000000000,1.690000000000,97.285714285714,0.001175643330
0.980000000000,1.690000000000,99.571428571429,0.000557990126
0.980000000000,1.690000000000,101.857142857143,0.000259833866
0.980000000000,1.690000000000,104.142857142857,0.000271908034
0.980000000000,1.690000000000,106.428571428571,0.000584649804
0.980000000000,1.690000000000,108.714285714286,0.001188241700
0.980000000000,1.690000000000,111.000000000000,0.002072652960
0.980000000000,1.700000000000,95.000000000000,0.001953061240
0.980000000000,1.700000000000,97.285714285714,0.001062478340
0.980000000000,1.700000000000,99.571428571429,0.000496272732
0.980000000000,1.700000000000,101.857142857143,0.000245703917
0.980000000000,1.700000000000,104.142857142857,0.000301706156
0.980000000000,1.700000000000,106.428571428571,0.000654916665
0.980000000000,1.700000000000,108.714285714286,0.001295716240
0.980000000000,1.700000000000,111.000000000000,0.002214269670
0.980000000000,1.710000000000,95.000000000000,0.001874700950
0.980000000000,1.710000000000,97.285714285714,0.001038075720
0.980000000000,1.710000000000,99.571428571429,0.000521798119
0.980000000000,1.710000000000,101.857142857143,0.000317328963
0.980000000000,1.710000000000,104.142857142857,0.000415804126
0.980000000000,1.710000000000,106.428571428571,0.000808061636
0.980000000000,1.710000000000,108.714285714286,0.001484681310
0.980000000000,1.710000000000,111.000000000000,0.002436024230
0.980000000000,1.720000000000,95.000000000000,0.001881903820
0.980000000000,1.720000000000,97.285714285714,0.001097708950
0.980000000000,1.720000000000,99.571428571429,0.000629862724
0.980000000000,1.720000000000,101.857142857143,0.000470028116
0.980000000000,1.720000000000,104.142857142857,0.000609543400
0.980000000000,1.720000000000,106.428571428571,0.001039448190
0.980000000000,1.720000000000,108.714285714286,0.001750522050
0.980000000000,1.720000000000,111.000000000000,0.002733323040
0.980000000000,1.730000000000,95.000000000000,0.001970122510
0.980000000000,1.730000000000,97.285714285714,0.001236853920
0.980000000000,1.730000000000,99.571428571429,0.000815965398
0.980000000000,1.730000000000,101.857142857143,0.000699322888
0.980000000000,1.730000000000,104.142857142857,0.000878467844
0.980000000000,1.730000000000,106.428571428571,0.001344642200
0.980000000000,1.730000000000,108.714285714286,0.002088825980
0.980000000000,1.730000000000,111.000000000000,0.003101774890
0.980000000000,1.740000000000,95.000000000000,0.002135002050
0.980000000000,1.740000000000,97.285714285714,0.001451178920
0.980000000000,1.740000000000,99.571428571429,0.001075797410
0.980000000000,1.740000000000,101.857142857143,0.001000927210
0.980000000000,1.740000000000,104.142857142857,0.001218313740
0.980000000000,1.740000000000,106.428571428571,0.001719401960
0.980000000000,1.740000000000,108.714285714286,0.002495373040
0.980000000000,1.740000000000,111.000000000000,0.003537181030
0.980000000000,1.750000000000,95.000000000000,0.002372370390
0.980000000000,1.750000000000,97.285714285714,0.001736535140
0.980000000000,1.750000000000,99.571428571429,0.001405232890
0.980000000000,1.750000000000,101.857142857143,0.001370737900
0.980000000000,1.750000000000,104.142857142857,0.001625000250
0.980000000000,1.750000000000,106.428571428571,0.002159668640
0.980000000000,1.750000000000,108.714285714286,0.002966126080
0.980000000000,1.750000000000,111.000000000000,0.004035525550
0.990000000000,1.650000000000,95.000000000000,0.004148951640
0.990000000000,1.650000000000,97.285714285714,0.002972325160
0.990000000000,1.650000000000,99.571428571429,0.002139380060
0.990000000000,1.650000000000,101.857142857143,0.001640562740
0.990000000000,1.650000000000,104.142857142857,0.001465984600
0.990000000000,1.650000000000,106.428571428571,0.001605454690
0.990000000000,1.650000000000,108.714285714286,0.002048524540
0.990000000000,1.650000000000,111.000000000000,0.002784532520
0.990000000000,1.660000000000,95.000000000000,0.003565396250
0.990000000000,1.660000000000,97.285714285714,0.002450464280
0.990000000000,1.660000000000,99.571428571429,0.001675044770
0.990000000000,1.660000000000,101.857142857143,0.001229780590
0.990000000000,1.660000000000,104.142857142857,0.001104980060
0.990000000000,1.660000000000,106.428571428571,0.001290648470
0.990000000000,1.660000000000,108.714285714286,0.001776531900
0.990000000000,1.660000000000,111.000000000000,0.002552160700
0.990000000000,1.670000000000,95.000000000000,0.003093272070
0.990000000000,1.670000000000,97.285714285714,0.002038391590
0.990000000000,1.670000000000,99.571428571429,0.001318886710
0.990000000000,1.670000000000,101.857142857143,0.000925597714
0.990000000000,1.670000000000,104.142857142857,0.000849030739
0.990000000000,1.670000000000,106.428571428571,0.001079388170
0.990000000000,1.670000000000,108.714285714286,0.001606611480
0.990000000000,1.670000000000,111.000000000000,0.002420423780
0.990000000000,1.680000000000,95.000000000000,0.002726919720
0.990000000000,1.680000000000,97.285714285714,0.001730470940
0.990000000000,1.680000000000,99.571428571429,0.001065292700
0.990000000000,1.680000000000,101.857142857143,0.000722423616
0.990000000000,1.680000000000,104.142857142857,0.000692568487
0.990000000000,1.680000000000,106.428571428571,0.000966127649
0.990000000000,1.680000000000,108.714285714286,0.001533238800
0.990000000000,1.680000000000,111.000000000000,0.002383818540
0.990000000000,1.690000000000,95.000000000000,0.002460926690
0.990000000000,1.690000000000,97.285714285714,0.001521313080
0.990000000000,1.690000000000,99.571428571429,0.000908896457
0.990000000000,1.690000000000,101.857142857143,0.000614914662
0.990000000000,1.690000000000,104.142857142857,0.000630272025
0.990000000000,1.690000000000,106.428571428571,0.000945567650
0.990000000000,1.690000000000,108.714285714286,0.001551136230
0.990000000000,1.690000000000,111.000000000000,0.002437088650
0.990000000000,1.700000000000,95.000000000000,0.002290115550
0.990000000000,1.700000000000,97.285714285714,0.001405763820
0.990000000000,1.700000000000,99.571428571429,0.000844566754
0.990000000000,1.700000000000,101.857142857143,0.000597962301
0.990000000000,1.700000000000,104.142857142857,0.000657055149
0.990000000000,1.700000000000,106.428571428571,0.001012643980
0.990000000000,1.700000000000,108.714285714286,0.001655261240
0.990000000000,1.700000000000,111.000000000000,0.002575212850
0.990000000000,1.710000000000,95.000000000000,0.002209532610
0.990000000000,1.710000000000,97.285714285714,0.001378892710
0.990000000000,1.710000000000,99.571428571429,0.000867396109
0.990000000000,1.710000000000,101.857142857143,0.000666681714
0.990000000000,1.710000000000,104.142857142857,0.000768055394
0.990000000000,1.710000000000,106.428571428571,0.001162516180
0.990000000000,1.710000000000,108.714285714286,0.001840795030
0.990000000000,1.710000000000,111.000000000000,0.002793393600
0.990000000000,1.720000000000,95.000000000000,0.002214437020
0.990000000000,1.720000000000,97.285714285714,0.001435982140
0.990000000000,1.720000000000,99.571428571429,0.000972689886
0.990000000000,1.720000000000,101.857142857143,0.000816400938
0.990000000000,1.720000000000,104.142857142857,0.000958623140
0.990000000000,1.720000000000,106.428571428571,0.001390556640
0.990000000000,1.720000000000,108.714285714286,0.002103131650
0.990000000000,1.720000000000,111.000000000000,0.003087046240
0.990000000000,1.730000000000,95.000000000000,0.002300290330
0.990000000000,1.730000000000,97.285714285714,0.001572516920
0.990000000000,1.730000000000,99.571428571429,0.001155955860
0.990000000000,1.730000000000,101.857142857143,0.001042650410
0.990000000000,1.730000000000,104.142857142857,0.001224311180
0.990000000000,1.730000000000,106.428571428571,0.001692340170
0.990000000000,1.730000000000,108.714285714286,0.002437867540
0.990000000000,1.730000000000,111.000000000000,0.003451788490
0.990000000000,1.740000000000,95.000000000000,0.002462746540
0.990000000000,1.740000000000,97.285714285714,0.001784174280
0.990000000000,1.740000000000,99.571428571429,0.001412894210
0.990000000000,1.740000000000,101.857142857143,0.001341152980
0.990000000000,1.740000000000,104.142857142857,0.001560864710
0.990000000000,1.740000000000,106.428571428571,0.002063633980
0.990000000000,1.740000000000,108.714285714286,0.002840791590
0.990000000000,1.740000000000,111.000000000000,0.003883430500
0.990000000000,1.750000000000,95.000000000000,0.002697642490
0.990000000000,1.750000000000,97.285714285714,0.002066814320
0.990000000000,1.750000000000,99.571428571429,0.001739388010
0.990000000000,1.750000000000,101.857142857143,0.001707814390
0.990000000000,1.750000000000,104.142857142857,0.001964211830
0.990000000000,1.750000000000,106.428571428571,0.002500388170
0.990000000000,1.750000000000,108.714285714286,0.003307875540
0.990000000000,1.750000000000,111.000000000000,0.004377965290
1.000000000000,1.650000000000,95.000000000000,0.004649687390
1.000000000000,1.650000000000,97.285714285714,0.003480465390
1.000000000000,1.650000000000,99.571428571429,0.002653573990
1.000000000000,1.650000000000,101.857142857143,0.002159641390
1.000000000000,1.650000000000,104.142857142857,0.001988953130
1.000000000000,1.650000000000,106.428571428571,0.002131483740
1.000000000000,1.650000000000,108.714285714286,0.002576940720
1.000000000000,1.650000000000,111.000000000000,0.003314808180
1.000000000000,1.660000000000,95.000000000000,0.004064564130
1.000000000000,1.660000000000,97.285714285714,0.002956788850
1.000000000000,1.660000000000,99.571428571429,0.002187193580
1.000000000000,1.660000000000,101.857142857143,0.001746602620
1.000000000000,1.660000000000,104.142857142857,0.001625498010
1.000000000000,1.660000000000,106.428571428571,0.001814050050
1.000000000000,1.660000000000,108.714285714286,0.002302160290
1.000000000000,1.660000000000,111.000000000000,0.003079504280
1.000000000000,1.670000000000,95.000000000000,0.003590745360
1.000000000000,1.670000000000,97.285714285714,0.002542774290
1.000000000000,1.670000000000,99.571428571429,0.001828864700
1.000000000000,1.670000000000,101.857142857143,0.001440037940
1.000000000000,1.670000000000,104.142857142857,0.001366973420
1.000000000000,1.670000000000,106.428571428571,0.001600038070
1.000000000000,1.670000000000,108.714285714286,0.002129328360
1.000000000000,1.670000000000,111.000000000000,0.002944712010
1.000000000000,1.680000000000,95.000000000000,0.003222580630
1.000000000000,1.680000000000,97.285714285714,0.002232794500
1.000000000000,1.680000000000,99.571428571429,0.001572983110
1.000000000000,1.680000000000,101.857142857143,0.001234365770
1.000000000000,1.680000000000,104.142857142857,0.001207820120
1.000000000000,1.680000000000,106.428571428571,0.001483910590
1.000000000000,1.680000000000,108.714285714286,0.002052929350
1.000000000000,1.680000000000,111.000000000000,0.002904937090
1.000000000000,1.690000000000,95.000000000000,0.002954666360
1.000000000000,1.690000000000,97.285714285714,0.002021469160
1.000000000000,1.690000000000,99.571428571429,0.001414191450
1.000000000000,1.690000000000,101.857142857143,0.001124251400
1.000000000000,1.690000000000,104.142857142857,0.001142725770
1.000000000000,1.690000000000,106.428571428571,0.001460377280
1.000000000000,1.690000000000,108.714285714286,0.002067694580
1.000000000000,1.690000000000,111.000000000000,0.002954932120
1.000000000000,1.700000000000,95.000000000000,0.002781834040
1.000000000000,1.700000000000,97.285714285714,0.001903652980
1.000000000000,1.700000000000,99.571428571429,0.001347367410
1.000000000000,1.700000000000,101.857142857143,0.001104595220
1.000000000000,1.700000000000,104.142857142857,0.001166613080
1.000000000000,1.700000000000,106.428571428571,0.001524382860
1.000000000000,1.700000000000,108.714285714286,0.002168590440
1.000000000000,1.700000000000,111.000000000000,0.003089684740
1.000000000000,1.710000000000,95.000000000000,0.002699138900
1.000000000000,1.710000000000,97.285714285714,0.001874424450
1.000000000000,1.710000000000,99.571428571429,0.001367612440
1.000000000000,1.710000000000,101.857142857143,0.001170521310
1.000000000000,1.710000000000,104.142857142857,0.001274628520
1.000000000000,1.710000000000,106.428571428571,0.001671095790
1.000000000000,1.710000000000,108.714285714286,0.002350807040
1.000000000000,1.710000000000,111.000000000000,0.003304406360
1.000000000000,1.720000000000,95.000000000000,0.002701849020
1.000000000000,1.720000000000,97.285714285714,0.001929074890
1.000000000000,1.720000000000,99.571428571429,0.001470240820
1.000000000000,1.720000000000,101.857142857143,0.001317366640
1.000000000000,1.720000000000,104.142857142857,0.001462131380
1.000000000000,1.720000000000,106.428571428571,0.001895897410
1.000000000000,1.720000000000,108.714285714286,0.002609747360
1.000000000000,1.720000000000,111.000000000000,0.003594521230
1.000000000000,1.730000000000,95.000000000000,0.002785434870
1.000000000000,1.730000000000,97.285714285714,0.002063098020
1.000000000000,1.730000000000,99.571428571429,0.001650769240
1.000000000000,1.730000000000,101.857142857143,0.001540670580
1.000000000000,1.730000000000,104.142857142857,0.001724683390
1.000000000000,1.730000000000,106.428571428571,0.002194371420
1.000000000000,1.730000000000,108.714285714286,0.002941016780
1.000000000000,1.730000000000,111.000000000000,0.003955655990
1.000000000000,1.740000000000,95.000000000000,0.002945559370
1.000000000000,1.740000000000,97.285714285714,0.002272180000
1.000000000000,1.740000000000,99.571428571429,0.001904906820
1.000000000000,1.740000000000,101.857142857143,0.001836164900
1.000000000000,1.740000000000,104.142857142857,0.002058038670
1.000000000000,1.740000000000,106.428571428571,0.002562293980
1.000000000000,1.740000000000,108.714285714286,0.003340413090
1.000000000000,1.740000000000,111.000000000000,0.004383629730
1.000000000000,1.750000000000,95.000000000000,0.003178068300
1.000000000000,1.750000000000,97.285714285714,0.002552189860
1.000000000000,1.750000000000,99.571428571429,0.002228545560
1.000000000000,1.750000000000,101.857142857143,0.002199764260
1.000000000000,1.750000000000,104.142857142857,0.002458134230
1.000000000000,1.750000000000,106.428571428571,0.002995624110
1.000000000000,1.750000000000,108.714285714286,0.003803916960
1.000000000000,1.750000000000,111.000000000000,0.004874444380
1.010000000000,1.650000000000,95.000000000000,0.005293717770
1.010000000000,1.650000000000,97.285714285714,0.004131815280
1.010000000000,1.650000000000,99.571428571429,0.003310856350
1.010000000000,1.650000000000,101.857142857143,0.002821652500
1.010000000000,1.650000000000,104.142857142857,0.002654665000
1.010000000000,1.650000000000,106.428571428571,0.002800035570
1.010000000000,1.650000000000,108.714285714286,0.003247629510
1.010000000000,1.650000000000,111.000000000000,0.003987078580
1.010000000000,1.660000000000,95.000000000000,0.004707168740
1.010000000000,1.660000000000,97.285714285714,0.003606465810
1.010000000000,1.660000000000,99.571428571429,0.002842574170
1.010000000000,1.660000000000,101.857142857143,0.002406501080
1.010000000000,1.660000000000,104.142857142857,0.002288903870
1.010000000000,1.660000000000,106.428571428571,0.002480119580
1.010000000000,1.660000000000,108.714285714286,0.002970207050
1.010000000000,1.660000000000,111.000000000000,0.003748988910
1.010000000000,1.670000000000,95.000000000000,0.004231791220
1.010000000000,1.670000000000,97.285714285714,0.003190645850
1.010000000000,1.670000000000,99.571428571429,0.002482211570
1.010000000000,1.670000000000,101.857142857143,0.002097692290
1.010000000000,1.670000000000,104.142857142857,0.002027942300
1.010000000000,1.670000000000,106.428571428571,0.002263494820
1.010000000000,1.670000000000,108.714285714286,0.002794603080
1.010000000000,1.670000000000,111.000000000000,0.003611281350
1.010000000000,1.680000000000,95.000000000000,0.003861943680
1.010000000000,1.680000000000,97.285714285714,0.002878737120
1.010000000000,1.680000000000,99.571428571429,0.002224173220
1.010000000000,1.680000000000,101.857142857143,0.001889653470
1.010000000000,1.680000000000,104.142857142857,0.001866230000
1.010000000000,1.680000000000,106.428571428571,0.002144633010
1.010000000000,1.680000000000,108.714285714286,0.002715310960
1.010000000000,1.680000000000,111.000000000000,0.003568470540
1.010000000000,1.690000000000,95.000000000000,0.003592231460
1.010000000000,1.690000000000,97.285714285714,0.002665368200
1.010000000000,1.690000000000,99.571428571429,0.002063110680
1.010000000000,1.690000000000,101.857142857143,0.001777058850
1.010000000000,1.690000000000,104.142857142857,0.001798463510
1.010000000000,1.690000000000,106.428571428571,0.002118252730
1.010000000000,1.690000000000,108.714285714286,0.002727070930
1.010000000000,1.690000000000,111.000000000000,0.003615317990
1.010000000000,1.700000000000,95.000000000000,0.003417494980
1.010000000000,1.700000000000,97.285714285714,0.002545402760
1.010000000000,1.700000000000,99.571428571429,0.001993910570
1.010000000000,1.700000000000,101.857142857143,0.001754817720
1.010000000000,1.700000000000,104.142857142857,0.001819574500
1.010000000000,1.700000000000,106.428571428571,0.002179307640
1.010000000000,1.700000000000,108.714285714286,0.002824858290
1.010000000000,1.700000000000,111.000000000000,0.003746820280
1.010000000000,1.710000000000,95.000000000000,0.003332798390
1.010000000000,1.710000000000,97.285714285714,0.002513928190
1.010000000000,1.710000000000,99.571428571429,0.002011683270
1.010000000000,1.710000000000,101.857142857143,0.001818063100
1.010000000000,1.710000000000,104.142857142857,0.001924718350
1.010000000000,1.710000000000,106.428571428571,0.002322975120
1.010000000000,1.710000000000,108.714285714286,0.003003872100
1.010000000000,1.710000000000,111.000000000000,0.003958197740
1.010000000000,1.720000000000,95.000000000000,0.003333418690
1.010000000000,1.720000000000,97.285714285714,0.002566244740
1.010000000000,1.720000000000,99.571428571429,0.002111751970
1.010000000000,1.720000000000,101.857142857143,0.001962140890
1.010000000000,1.720000000000,104.142857142857,0.002109263270
1.010000000000,1.720000000000,106.428571428571,0.002544645420
1.010000000000,1.720000000000,108.714285714286,0.003259524250
1.010000000000,1.720000000000,111.000000000000,0.004244883530
1.010000000000,1.730000000000,95.000000000000,0.003414835290
1.010000000000,1.730000000000,97.285714285714,0.002697855060
1.010000000000,1.730000000000,99.571428571429,0.002289642300
1.010000000000,1.730000000000,101.857142857143,0.002182599360
1.010000000000,1.730000000000,104.142857142857,0.002368779910
1.010000000000,1.730000000000,106.428571428571,0.002839911190
1.010000000000,1.730000000000,108.714285714286,0.003587429030
1.010000000000,1.730000000000,111.000000000000,0.004602513230
1.010000000000,1.740000000000,95.000000000000,0.003572720020
1.010000000000,1.740000000000,97.285714285714,0.002904454230
1.010000000000,1.740000000000,99.571428571429,0.002541072300
1.010000000000,1.740000000000,101.857142857143,0.002475179220
1.010000000000,1.740000000000,104.142857142857,0.002699031330
1.010000000000,1.740000000000,106.428571428571,0.003204557500
1.010000000000,1.740000000000,108.714285714286,0.003983393180
1.010000000000,1.740000000000,111.000000000000,0.005026914850
1.010000000000,1.750000000000,95.000000000000,0.003802927580
1.010000000000,1.750000000000,97.285714285714,0.003181920190
1.010000000000,1.750000000000,99.571428571429,0.002861942880
1.010000000000,1.750000000000,101.857142857143,0.002835804050
1.010000000000,1.750000000000,104.142857142857,0.003095963460
1.010000000000,1.750000000000,106.428571428571,0.003634552280
1.010000000000,1.750000000000,108.714285714286,0.004443406290
1.010000000000,1.750000000000,111.000000000000,0.005514099250
