rCH1             rCH2             rCO            aH1CO           aH1CO            D                  E
1.10223200E+00  1.10223200E+00  1.20758500E+00  1.21686097E+02  1.21686097E+02  1.80000000E+02     4.99450019E-11
1.10000000E+00  1.10000000E+00  1.21000000E+00  1.22000000E+02  1.22000000E+02  1.80000000E+02     5.58216283E+03
1.11000000E+00  1.10000000E+00  1.21000000E+00  1.22000000E+02  1.22000000E+02  1.80000000E+02     4.67385236E+03
1.11000000E+00  1.11000000E+00  1.21000000E+00  1.22000000E+02  1.22000000E+02  1.80000000E+02     4.65434928E+03
1.10000000E+00  1.10000000E+00  1.20000000E+00  1.22000000E+02  1.22000000E+02  1.80000000E+02     5.43514683E+03
1.10000000E+00  1.10000000E+00  1.20000000E+00  1.22000000E+02  1.22000000E+02  1.80000000E+02     5.43514683E+03
1.09000000E+00  1.10000000E+00  1.21000000E+00  1.22000000E+02  1.22000000E+02  1.80000000E+02     6.61957980E+03
1.10000000E+00  1.10000000E+00  1.21000000E+00  1.20000000E+02  1.22000000E+02  1.80000000E+02     5.73960903E+03
1.11000000E+00  1.10000000E+00  1.20000000E+00  1.22000000E+02  1.22000000E+02  1.80000000E+02     4.52255047E+03
1.11000000E+00  1.11000000E+00  1.20000000E+00  1.22000000E+02  1.22000000E+02  1.80000000E+02     4.50247265E+03
1.09000000E+00  1.11000000E+00  1.21000000E+00  1.22000000E+02  1.22000000E+02  1.80000000E+02     6.59246636E+03
1.11000000E+00  1.10000000E+00  1.21000000E+00  1.20000000E+02  1.22000000E+02  1.80000000E+02     4.82062405E+03
1.10000000E+00  1.10000000E+00  1.21000000E+00  1.22000000E+02  1.22000000E+02  1.76000000E+02     5.61417724E+03
1.09000000E+00  1.10000000E+00  1.20000000E+00  1.22000000E+02  1.22000000E+02  1.80000000E+02     6.47700311E+03
1.09000000E+00  1.09000000E+00  1.21000000E+00  1.22000000E+02  1.22000000E+02  1.80000000E+02     6.67111997E+03
1.09000000E+00  1.10000000E+00  1.21000000E+00  1.20000000E+02  1.22000000E+02  1.80000000E+02     6.78789994E+03
1.12000000E+00  1.10000000E+00  1.21000000E+00  1.22000000E+02  1.22000000E+02  1.80000000E+02     3.88678666E+03
1.11000000E+00  1.11000000E+00  1.21000000E+00  1.20000000E+02  1.22000000E+02  1.80000000E+02     4.80026242E+03
1.11000000E+00  1.10000000E+00  1.21000000E+00  1.22000000E+02  1.22000000E+02  1.76000000E+02     4.70576818E+03
1.09000000E+00  1.11000000E+00  1.20000000E+00  1.22000000E+02  1.22000000E+02  1.80000000E+02     6.44926380E+03
1.10000000E+00  1.10000000E+00  1.20000000E+00  1.20000000E+02  1.22000000E+02  1.80000000E+02     5.58940928E+03
1.12000000E+00  1.11000000E+00  1.21000000E+00  1.22000000E+02  1.22000000E+02  1.80000000E+02     3.87088099E+03
1.09000000E+00  1.11000000E+00  1.21000000E+00  1.20000000E+02  1.22000000E+02  1.80000000E+02     6.75966263E+03
1.11000000E+00  1.11000000E+00  1.21000000E+00  1.22000000E+02  1.22000000E+02  1.76000000E+02     4.68612415E+03
1.12000000E+00  1.10000000E+00  1.20000000E+00  1.22000000E+02  1.22000000E+02  1.80000000E+02     3.73134781E+03
1.10000000E+00  1.10000000E+00  1.20000000E+00  1.22000000E+02  1.22000000E+02  1.76000000E+02     5.46735379E+03
1.11000000E+00  1.10000000E+00  1.20000000E+00  1.20000000E+02  1.22000000E+02  1.80000000E+02     4.66616478E+03
1.10000000E+00  1.10000000E+00  1.22000000E+00  1.22000000E+02  1.22000000E+02  1.80000000E+02     5.74136458E+03
1.10000000E+00  1.10000000E+00  1.21000000E+00  1.20000000E+02  1.24000000E+02  1.80000000E+02     5.67623283E+03
1.10000000E+00  1.10000000E+00  1.21000000E+00  1.20000000E+02  1.22000000E+02  1.76000000E+02     5.77091921E+03
1.12000000E+00  1.11000000E+00  1.20000000E+00  1.22000000E+02  1.22000000E+02  1.80000000E+02     3.71489150E+03
1.11000000E+00  1.10000000E+00  1.20000000E+00  1.22000000E+02  1.22000000E+02  1.76000000E+02     4.55465792E+03
1.09000000E+00  1.09000000E+00  1.21000000E+00  1.20000000E+02  1.22000000E+02  1.80000000E+02     6.84057160E+03
1.12000000E+00  1.09000000E+00  1.21000000E+00  1.22000000E+02  1.22000000E+02  1.80000000E+02     3.92723068E+03
1.11000000E+00  1.10000000E+00  1.21000000E+00  1.20000000E+02  1.24000000E+02  1.80000000E+02     4.76544355E+03
1.11000000E+00  1.11000000E+00  1.20000000E+00  1.20000000E+02  1.22000000E+02  1.80000000E+02     4.64529678E+03
1.11000000E+00  1.11000000E+00  1.20000000E+00  1.22000000E+02  1.22000000E+02  1.76000000E+02     4.53443613E+03
1.10000000E+00  1.10000000E+00  1.21000000E+00  1.24000000E+02  1.22000000E+02  1.80000000E+02     5.50710836E+03
1.09000000E+00  1.09000000E+00  1.20000000E+00  1.22000000E+02  1.22000000E+02  1.80000000E+02     6.52917142E+03
1.11000000E+00  1.10000000E+00  1.22000000E+00  1.22000000E+02  1.22000000E+02  1.80000000E+02     4.83735867E+03
1.12000000E+00  1.10000000E+00  1.21000000E+00  1.20000000E+02  1.22000000E+02  1.80000000E+02     4.02308199E+03
1.11000000E+00  1.10000000E+00  1.21000000E+00  1.20000000E+02  1.22000000E+02  1.76000000E+02     4.85183671E+03
1.10000000E+00  1.10000000E+00  1.22000000E+00  1.20000000E+02  1.22000000E+02  1.80000000E+02     5.90199671E+03
1.11000000E+00  1.10000000E+00  1.21000000E+00  1.24000000E+02  1.22000000E+02  1.80000000E+02     4.60861189E+03
1.08000000E+00  1.10000000E+00  1.21000000E+00  1.22000000E+02  1.22000000E+02  1.80000000E+02     7.79443538E+03
1.11000000E+00  1.11000000E+00  1.21000000E+00  1.20000000E+02  1.24000000E+02  1.80000000E+02     4.74265579E+03
1.09000000E+00  1.10000000E+00  1.20000000E+00  1.20000000E+02  1.22000000E+02  1.80000000E+02     6.64211287E+03
1.10000000E+00  1.10000000E+00  1.21000000E+00  1.20000000E+02  1.20000000E+02  1.80000000E+02     5.88410421E+03
1.09000000E+00  1.10000000E+00  1.22000000E+00  1.22000000E+02  1.22000000E+02  1.80000000E+02     6.77432365E+03
1.10000000E+00  1.10000000E+00  1.20000000E+00  1.24000000E+02  1.22000000E+02  1.80000000E+02     5.36357169E+03
1.10000000E+00  1.10000000E+00  1.20000000E+00  1.20000000E+02  1.24000000E+02  1.80000000E+02     5.52600898E+03
1.11000000E+00  1.11000000E+00  1.21000000E+00  1.24000000E+02  1.22000000E+02  1.80000000E+02     4.58974791E+03
1.12000000E+00  1.09000000E+00  1.20000000E+00  1.22000000E+02  1.22000000E+02  1.80000000E+02     3.77234419E+03
1.11000000E+00  1.10000000E+00  1.20000000E+00  1.24000000E+02  1.22000000E+02  1.80000000E+02     4.46075830E+03
1.11000000E+00  1.11000000E+00  1.22000000E+00  1.22000000E+02  1.22000000E+02  1.80000000E+02     4.81842335E+03
1.12000000E+00  1.11000000E+00  1.21000000E+00  1.20000000E+02  1.22000000E+02  1.80000000E+02     4.00644352E+03
1.11000000E+00  1.10000000E+00  1.20000000E+00  1.20000000E+02  1.24000000E+02  1.80000000E+02     4.61107837E+03
1.11000000E+00  1.11000000E+00  1.21000000E+00  1.20000000E+02  1.22000000E+02  1.76000000E+02     4.83133327E+03
1.08000000E+00  1.11000000E+00  1.21000000E+00  1.22000000E+02  1.22000000E+02  1.80000000E+02     7.76330013E+03
1.12000000E+00  1.10000000E+00  1.21000000E+00  1.22000000E+02  1.22000000E+02  1.76000000E+02     3.91859816E+03
1.11000000E+00  1.11000000E+00  1.20000000E+00  1.24000000E+02  1.22000000E+02  1.80000000E+02     4.44124857E+03
1.09000000E+00  1.10000000E+00  1.20000000E+00  1.22000000E+02  1.22000000E+02  1.76000000E+02     6.50930436E+03
1.09000000E+00  1.10000000E+00  1.21000000E+00  1.20000000E+02  1.24000000E+02  1.80000000E+02     6.71618870E+03
1.09000000E+00  1.11000000E+00  1.20000000E+00  1.20000000E+02  1.22000000E+02  1.80000000E+02     6.61331963E+03
1.11000000E+00  1.10000000E+00  1.22000000E+00  1.20000000E+02  1.22000000E+02  1.80000000E+02     4.98729019E+03
1.09000000E+00  1.11000000E+00  1.20000000E+00  1.22000000E+02  1.22000000E+02  1.76000000E+02     6.48141947E+03
1.12000000E+00  1.09000000E+00  1.21000000E+00  1.20000000E+02  1.22000000E+02  1.80000000E+02     4.06426680E+03
1.09000000E+00  1.11000000E+00  1.22000000E+00  1.22000000E+02  1.22000000E+02  1.80000000E+02     6.74782870E+03
1.11000000E+00  1.10000000E+00  1.21000000E+00  1.20000000E+02  1.20000000E+02  1.80000000E+02     4.95605858E+03
1.09000000E+00  1.10000000E+00  1.22000000E+00  1.20000000E+02  1.22000000E+02  1.80000000E+02     6.94585608E+03
1.11000000E+00  1.11000000E+00  1.20000000E+00  1.20000000E+02  1.24000000E+02  1.80000000E+02     4.58771649E+03
1.12000000E+00  1.12000000E+00  1.21000000E+00  1.22000000E+02  1.22000000E+02  1.80000000E+02     3.87807885E+03
1.10000000E+00  1.10000000E+00  1.20000000E+00  1.20000000E+02  1.22000000E+02  1.76000000E+02     5.62090869E+03
1.09000000E+00  1.10000000E+00  1.21000000E+00  1.24000000E+02  1.22000000E+02  1.80000000E+02     6.53452379E+03
1.12000000E+00  1.11000000E+00  1.21000000E+00  1.22000000E+02  1.22000000E+02  1.76000000E+02     3.90255233E+03
1.12000000E+00  1.10000000E+00  1.20000000E+00  1.20000000E+02  1.22000000E+02  1.80000000E+02     3.86451187E+03
1.09000000E+00  1.11000000E+00  1.21000000E+00  1.20000000E+02  1.24000000E+02  1.80000000E+02     6.68547443E+03
1.09000000E+00  1.10000000E+00  1.21000000E+00  1.20000000E+02  1.20000000E+02  1.80000000E+02     6.94160705E+03
1.09000000E+00  1.11000000E+00  1.21000000E+00  1.24000000E+02  1.22000000E+02  1.80000000E+02     6.50830666E+03
1.12000000E+00  1.10000000E+00  1.20000000E+00  1.22000000E+02  1.22000000E+02  1.76000000E+02     3.76335003E+03
1.12000000E+00  1.12000000E+00  1.20000000E+00  1.22000000E+02  1.22000000E+02  1.80000000E+02     3.72154098E+03
1.09000000E+00  1.09000000E+00  1.22000000E+00  1.22000000E+02  1.22000000E+02  1.80000000E+02     6.82524310E+03
1.11000000E+00  1.10000000E+00  1.20000000E+00  1.20000000E+02  1.22000000E+02  1.76000000E+02     4.69756579E+03
1.08000000E+00  1.10000000E+00  1.21000000E+00  1.20000000E+02  1.22000000E+02  1.80000000E+02     7.97383009E+03
1.10000000E+00  1.10000000E+00  1.22000000E+00  1.22000000E+02  1.22000000E+02  1.76000000E+02     5.77318541E+03
1.08000000E+00  1.09000000E+00  1.21000000E+00  1.22000000E+02  1.22000000E+02  1.80000000E+02     7.84995944E+03
1.09000000E+00  1.09000000E+00  1.20000000E+00  1.20000000E+02  1.22000000E+02  1.80000000E+02     6.69534225E+03
1.10000000E+00  1.10000000E+00  1.21000000E+00  1.20000000E+02  1.24000000E+02  1.76000000E+02     5.70824554E+03
1.11000000E+00  1.11000000E+00  1.22000000E+00  1.20000000E+02  1.22000000E+02  1.80000000E+02     4.96742839E+03
1.12000000E+00  1.10000000E+00  1.21000000E+00  1.20000000E+02  1.24000000E+02  1.80000000E+02     3.97595784E+03
1.08000000E+00  1.10000000E+00  1.20000000E+00  1.22000000E+02  1.22000000E+02  1.80000000E+02     7.65645609E+03
1.12000000E+00  1.11000000E+00  1.20000000E+00  1.22000000E+02  1.22000000E+02  1.76000000E+02     3.74675055E+03
1.12000000E+00  1.11000000E+00  1.20000000E+00  1.20000000E+02  1.22000000E+02  1.80000000E+02     3.84739035E+03
1.11000000E+00  1.11000000E+00  1.21000000E+00  1.20000000E+02  1.20000000E+02  1.80000000E+02     4.93789260E+03
1.09000000E+00  1.11000000E+00  1.22000000E+00  1.20000000E+02  1.22000000E+02  1.80000000E+02     6.91816779E+03
1.12000000E+00  1.09000000E+00  1.21000000E+00  1.22000000E+02  1.22000000E+02  1.76000000E+02     3.95917990E+03
1.09000000E+00  1.10000000E+00  1.20000000E+00  1.24000000E+02  1.22000000E+02  1.80000000E+02     6.39545777E+03
1.09000000E+00  1.09000000E+00  1.21000000E+00  1.20000000E+02  1.24000000E+02  1.80000000E+02     6.77131034E+03
1.08000000E+00  1.11000000E+00  1.20000000E+00  1.22000000E+02  1.22000000E+02  1.80000000E+02     7.62466791E+03
1.11000000E+00  1.10000000E+00  1.21000000E+00  1.20000000E+02  1.24000000E+02  1.76000000E+02     4.79735756E+03
1.09000000E+00  1.11000000E+00  1.20000000E+00  1.24000000E+02  1.22000000E+02  1.80000000E+02     6.36854221E+03
1.11000000E+00  1.11000000E+00  1.20000000E+00  1.20000000E+02  1.22000000E+02  1.76000000E+02     4.67655299E+03
1.09000000E+00  1.09000000E+00  1.22000000E+00  1.20000000E+02  1.22000000E+02  1.80000000E+02     6.99797699E+03
1.09000000E+00  1.11000000E+00  1.21000000E+00  1.20000000E+02  1.20000000E+02  1.80000000E+02     6.91560589E+03
1.08000000E+00  1.11000000E+00  1.21000000E+00  1.20000000E+02  1.22000000E+02  1.80000000E+02     7.94143119E+03
1.09000000E+00  1.10000000E+00  1.20000000E+00  1.20000000E+02  1.24000000E+02  1.80000000E+02     6.57025509E+03
1.12000000E+00  1.10000000E+00  1.21000000E+00  1.20000000E+02  1.22000000E+02  1.76000000E+02     4.05419117E+03
1.10000000E+00  1.10000000E+00  1.21000000E+00  1.24000000E+02  1.22000000E+02  1.76000000E+02     5.53979272E+03
1.11000000E+00  1.10000000E+00  1.22000000E+00  1.22000000E+02  1.22000000E+02  1.76000000E+02     4.86908183E+03
1.12000000E+00  1.10000000E+00  1.22000000E+00  1.22000000E+02  1.22000000E+02  1.80000000E+02     4.05444870E+03
1.09000000E+00  1.09000000E+00  1.20000000E+00  1.22000000E+02  1.22000000E+02  1.76000000E+02     6.56161583E+03
1.12000000E+00  1.10000000E+00  1.21000000E+00  1.24000000E+02  1.22000000E+02  1.80000000E+02     3.83117375E+03
1.10000000E+00  1.10000000E+00  1.22000000E+00  1.20000000E+02  1.22000000E+02  1.76000000E+02     5.93311667E+03
1.12000000E+00  1.11000000E+00  1.21000000E+00  1.20000000E+02  1.24000000E+02  1.80000000E+02     3.95691827E+03
1.09000000E+00  1.09000000E+00  1.21000000E+00  1.20000000E+02  1.20000000E+02  1.80000000E+02     6.99206596E+03
1.12000000E+00  1.10000000E+00  1.20000000E+00  1.20000000E+02  1.24000000E+02  1.80000000E+02     3.81759586E+03
1.12000000E+00  1.10000000E+00  1.20000000E+00  1.24000000E+02  1.22000000E+02  1.80000000E+02     3.67915248E+03
1.12000000E+00  1.09000000E+00  1.20000000E+00  1.20000000E+02  1.22000000E+02  1.80000000E+02     3.90618096E+03
1.09000000E+00  1.11000000E+00  1.20000000E+00  1.20000000E+02  1.24000000E+02  1.80000000E+02     6.53891557E+03
1.10000000E+00  1.10000000E+00  1.21000000E+00  1.20000000E+02  1.20000000E+02  1.76000000E+02     5.91467890E+03
1.11000000E+00  1.10000000E+00  1.21000000E+00  1.24000000E+02  1.22000000E+02  1.76000000E+02     4.64119667E+03
1.08000000E+00  1.10000000E+00  1.21000000E+00  1.22000000E+02  1.22000000E+02  1.76000000E+02     7.82663195E+03
1.11000000E+00  1.11000000E+00  1.21000000E+00  1.20000000E+02  1.24000000E+02  1.76000000E+02     4.77442569E+03
1.10000000E+00  1.10000000E+00  1.22000000E+00  1.20000000E+02  1.20000000E+02  1.80000000E+02     6.04618171E+03
1.12000000E+00  1.11000000E+00  1.20000000E+00  1.24000000E+02  1.22000000E+02  1.80000000E+02     3.66314328E+03
1.09000000E+00  1.10000000E+00  1.20000000E+00  1.20000000E+02  1.22000000E+02  1.76000000E+02     6.67370520E+03
1.12000000E+00  1.11000000E+00  1.21000000E+00  1.24000000E+02  1.22000000E+02  1.80000000E+02     3.81578543E+03
1.08000000E+00  1.09000000E+00  1.21000000E+00  1.20000000E+02  1.22000000E+02  1.80000000E+02     8.03062541E+03
1.10000000E+00  1.10000000E+00  1.20000000E+00  1.20000000E+02  1.20000000E+02  1.80000000E+02     5.73421475E+03
1.09000000E+00  1.10000000E+00  1.22000000E+00  1.22000000E+02  1.22000000E+02  1.76000000E+02     6.80623691E+03
1.09000000E+00  1.09000000E+00  1.21000000E+00  1.24000000E+02  1.22000000E+02  1.80000000E+02     6.58515538E+03
1.10000000E+00  1.10000000E+00  1.22000000E+00  1.20000000E+02  1.24000000E+02  1.80000000E+02     5.83864188E+03
1.08000000E+00  1.12000000E+00  1.21000000E+00  1.22000000E+02  1.22000000E+02  1.80000000E+02     7.75512571E+03
1.10000000E+00  1.10000000E+00  1.20000000E+00  1.24000000E+02  1.22000000E+02  1.76000000E+02     5.39645200E+03
1.12000000E+00  1.09000000E+00  1.21000000E+00  1.20000000E+02  1.24000000E+02  1.80000000E+02     4.01951596E+03
1.10000000E+00  1.10000000E+00  1.20000000E+00  1.20000000E+02  1.24000000E+02  1.76000000E+02     5.55821092E+03
1.11000000E+00  1.11000000E+00  1.21000000E+00  1.24000000E+02  1.22000000E+02  1.76000000E+02     4.62219281E+03
1.12000000E+00  1.11000000E+00  1.21000000E+00  1.20000000E+02  1.22000000E+02  1.76000000E+02     4.03741165E+03
1.12000000E+00  1.09000000E+00  1.20000000E+00  1.22000000E+02  1.22000000E+02  1.76000000E+02     3.80448715E+03
1.11000000E+00  1.11000000E+00  1.22000000E+00  1.22000000E+02  1.22000000E+02  1.76000000E+02     4.85000856E+03
1.12000000E+00  1.11000000E+00  1.20000000E+00  1.20000000E+02  1.24000000E+02  1.80000000E+02     3.79800628E+03
1.10000000E+00  1.10000000E+00  1.19000000E+00  1.22000000E+02  1.22000000E+02  1.80000000E+02     5.30117527E+03
1.11000000E+00  1.10000000E+00  1.20000000E+00  1.20000000E+02  1.24000000E+02  1.76000000E+02     4.64318072E+03
1.11000000E+00  1.10000000E+00  1.20000000E+00  1.24000000E+02  1.22000000E+02  1.76000000E+02     4.49353808E+03
1.12000000E+00  1.11000000E+00  1.22000000E+00  1.22000000E+02  1.22000000E+02  1.80000000E+02     4.03908685E+03
1.08000000E+00  1.11000000E+00  1.21000000E+00  1.22000000E+02  1.22000000E+02  1.76000000E+02     7.79535340E+03
1.11000000E+00  1.10000000E+00  1.19000000E+00  1.22000000E+02  1.22000000E+02  1.80000000E+02     4.38431303E+03
1.11000000E+00  1.10000000E+00  1.22000000E+00  1.20000000E+02  1.22000000E+02  1.76000000E+02     5.01831351E+03
1.12000000E+00  1.12000000E+00  1.21000000E+00  1.20000000E+02  1.22000000E+02  1.80000000E+02     4.01291639E+03
1.09000000E+00  1.11000000E+00  1.20000000E+00  1.20000000E+02  1.22000000E+02  1.76000000E+02     6.64476559E+03
1.11000000E+00  1.11000000E+00  1.20000000E+00  1.24000000E+02  1.22000000E+02  1.76000000E+02     4.47388540E+03
1.11000000E+00  1.11000000E+00  1.19000000E+00  1.22000000E+02  1.22000000E+02  1.80000000E+02     4.36365378E+03
1.12000000E+00  1.10000000E+00  1.22000000E+00  1.20000000E+02  1.22000000E+02  1.80000000E+02     4.19387802E+03
1.11000000E+00  1.10000000E+00  1.20000000E+00  1.20000000E+02  1.20000000E+02  1.80000000E+02     4.80178775E+03
1.12000000E+00  1.09000000E+00  1.21000000E+00  1.20000000E+02  1.22000000E+02  1.76000000E+02     4.09551466E+03
1.11000000E+00  1.10000000E+00  1.21000000E+00  1.20000000E+02  1.20000000E+02  1.76000000E+02     4.98653699E+03
1.11000000E+00  1.10000000E+00  1.22000000E+00  1.20000000E+02  1.24000000E+02  1.80000000E+02     4.93201289E+03
1.08000000E+00  1.09000000E+00  1.20000000E+00  1.22000000E+02  1.22000000E+02  1.80000000E+02     7.71263555E+03
1.09000000E+00  1.11000000E+00  1.22000000E+00  1.22000000E+02  1.22000000E+02  1.76000000E+02     6.77960247E+03
1.12000000E+00  1.09000000E+00  1.22000000E+00  1.22000000E+02  1.22000000E+02  1.80000000E+02     4.09434721E+03
1.09000000E+00  1.10000000E+00  1.22000000E+00  1.20000000E+02  1.22000000E+02  1.76000000E+02     6.97706719E+03
1.08000000E+00  1.10000000E+00  1.22000000E+00  1.22000000E+02  1.22000000E+02  1.80000000E+02     7.94456336E+03
1.11000000E+00  1.11000000E+00  1.20000000E+00  1.20000000E+02  1.24000000E+02  1.76000000E+02     4.61967171E+03
1.12000000E+00  1.12000000E+00  1.21000000E+00  1.22000000E+02  1.22000000E+02  1.76000000E+02     3.90960769E+03
1.12000000E+00  1.10000000E+00  1.21000000E+00  1.20000000E+02  1.20000000E+02  1.80000000E+02     4.14960696E+03
1.09000000E+00  1.10000000E+00  1.22000000E+00  1.20000000E+02  1.20000000E+02  1.80000000E+02     7.09912701E+03
1.12000000E+00  1.10000000E+00  1.20000000E+00  1.20000000E+02  1.22000000E+02  1.76000000E+02     3.89580851E+03
1.09000000E+00  1.09000000E+00  1.20000000E+00  1.20000000E+02  1.24000000E+02  1.80000000E+02     6.62600417E+03
1.11000000E+00  1.10000000E+00  1.22000000E+00  1.20000000E+02  1.20000000E+02  1.80000000E+02     5.12253630E+03
1.08000000E+00  1.10000000E+00  1.20000000E+00  1.20000000E+02  1.22000000E+02  1.80000000E+02     7.83261352E+03
1.09000000E+00  1.09000000E+00  1.20000000E+00  1.24000000E+02  1.22000000E+02  1.80000000E+02     6.44679057E+03
1.12000000E+00  1.09000000E+00  1.21000000E+00  1.24000000E+02  1.22000000E+02  1.80000000E+02     3.87108771E+03
1.11000000E+00  1.11000000E+00  1.20000000E+00  1.20000000E+02  1.20000000E+02  1.80000000E+02     4.78318051E+03
1.12000000E+00  1.09000000E+00  1.20000000E+00  1.20000000E+02  1.24000000E+02  1.80000000E+02     3.86170565E+03
1.12000000E+00  1.12000000E+00  1.20000000E+00  1.22000000E+02  1.22000000E+02  1.76000000E+02     3.75325455E+03
1.08000000E+00  1.10000000E+00  1.21000000E+00  1.20000000E+02  1.22000000E+02  1.76000000E+02     8.00531954E+03
1.10000000E+00  1.10000000E+00  1.22000000E+00  1.24000000E+02  1.22000000E+02  1.80000000E+02     5.66282673E+03
1.09000000E+00  1.09000000E+00  1.22000000E+00  1.22000000E+02  1.22000000E+02  1.76000000E+02     6.85729340E+03
1.08000000E+00  1.12000000E+00  1.20000000E+00  1.22000000E+02  1.22000000E+02  1.80000000E+02     7.61584356E+03
1.11000000E+00  1.11000000E+00  1.22000000E+00  1.20000000E+02  1.22000000E+02  1.76000000E+02     4.99831284E+03
1.09000000E+00  1.10000000E+00  1.20000000E+00  1.20000000E+02  1.20000000E+02  1.80000000E+02     6.79625639E+03
1.09000000E+00  1.09000000E+00  1.20000000E+00  1.20000000E+02  1.22000000E+02  1.76000000E+02     6.72707862E+03
1.08000000E+00  1.09000000E+00  1.21000000E+00  1.22000000E+02  1.22000000E+02  1.76000000E+02     7.88229689E+03
1.08000000E+00  1.11000000E+00  1.22000000E+00  1.22000000E+02  1.22000000E+02  1.80000000E+02     7.91407346E+03
1.12000000E+00  1.10000000E+00  1.21000000E+00  1.20000000E+02  1.24000000E+02  1.76000000E+02     4.00776744E+03
1.12000000E+00  1.12000000E+00  1.20000000E+00  1.20000000E+02  1.22000000E+02  1.80000000E+02     3.85338199E+03
1.09000000E+00  1.10000000E+00  1.22000000E+00  1.20000000E+02  1.24000000E+02  1.80000000E+02     6.87428857E+03
1.11000000E+00  1.11000000E+00  1.21000000E+00  1.20000000E+02  1.20000000E+02  1.76000000E+02     4.96823142E+03
1.08000000E+00  1.10000000E+00  1.22000000E+00  1.20000000E+02  1.22000000E+02  1.80000000E+02     8.12719701E+03
1.10000000E+00  1.10000000E+00  1.21000000E+00  1.18000000E+02  1.22000000E+02  1.80000000E+02     5.98030123E+03
1.12000000E+00  1.11000000E+00  1.20000000E+00  1.20000000E+02  1.22000000E+02  1.76000000E+02     3.87854299E+03
1.12000000E+00  1.09000000E+00  1.22000000E+00  1.20000000E+02  1.22000000E+02  1.80000000E+02     4.23458494E+03
1.08000000E+00  1.11000000E+00  1.20000000E+00  1.20000000E+02  1.22000000E+02  1.80000000E+02     7.79963242E+03
1.08000000E+00  1.10000000E+00  1.21000000E+00  1.20000000E+02  1.24000000E+02  1.80000000E+02     7.89364458E+03
1.12000000E+00  1.11000000E+00  1.22000000E+00  1.20000000E+02  1.22000000E+02  1.80000000E+02     4.17771620E+03
1.11000000E+00  1.11000000E+00  1.22000000E+00  1.20000000E+02  1.24000000E+02  1.80000000E+02     4.90979223E+03
1.12000000E+00  1.09000000E+00  1.20000000E+00  1.24000000E+02  1.22000000E+02  1.80000000E+02     3.71968952E+03
1.08000000E+00  1.10000000E+00  1.20000000E+00  1.22000000E+02  1.22000000E+02  1.76000000E+02     7.68884708E+03
1.09000000E+00  1.11000000E+00  1.22000000E+00  1.20000000E+02  1.22000000E+02  1.76000000E+02     6.94923852E+03
1.12000000E+00  1.11000000E+00  1.21000000E+00  1.20000000E+02  1.20000000E+02  1.80000000E+02     4.13514419E+03
1.08000000E+00  1.10000000E+00  1.21000000E+00  1.20000000E+02  1.20000000E+02  1.80000000E+02     8.13690051E+03
1.09000000E+00  1.09000000E+00  1.22000000E+00  1.20000000E+02  1.22000000E+02  1.76000000E+02     7.02932611E+03
1.08000000E+00  1.11000000E+00  1.20000000E+00  1.22000000E+02  1.22000000E+02  1.76000000E+02     7.65691252E+03
1.09000000E+00  1.09000000E+00  1.22000000E+00  1.20000000E+02  1.20000000E+02  1.80000000E+02     7.14910177E+03
1.09000000E+00  1.10000000E+00  1.20000000E+00  1.24000000E+02  1.22000000E+02  1.76000000E+02     6.42843364E+03
1.09000000E+00  1.11000000E+00  1.20000000E+00  1.24000000E+02  1.22000000E+02  1.76000000E+02     6.40137349E+03
1.09000000E+00  1.11000000E+00  1.22000000E+00  1.20000000E+02  1.20000000E+02  1.80000000E+02     7.07360865E+03
1.11000000E+00  1.10000000E+00  1.22000000E+00  1.24000000E+02  1.22000000E+02  1.80000000E+02     4.76866554E+03
1.09000000E+00  1.11000000E+00  1.20000000E+00  1.20000000E+02  1.20000000E+02  1.80000000E+02     6.76976597E+03
1.10000000E+00  1.10000000E+00  1.21000000E+00  1.18000000E+02  1.24000000E+02  1.80000000E+02     5.89320519E+03
1.12000000E+00  1.12000000E+00  1.20000000E+00  1.24000000E+02  1.22000000E+02  1.80000000E+02     3.67022799E+03
1.08000000E+00  1.11000000E+00  1.21000000E+00  1.20000000E+02  1.22000000E+02  1.76000000E+02     7.97277651E+03
1.08000000E+00  1.12000000E+00  1.21000000E+00  1.20000000E+02  1.22000000E+02  1.80000000E+02     7.93200065E+03
1.08000000E+00  1.10000000E+00  1.21000000E+00  1.24000000E+02  1.22000000E+02  1.80000000E+02     7.69918926E+03
1.12000000E+00  1.09000000E+00  1.21000000E+00  1.20000000E+02  1.20000000E+02  1.80000000E+02     4.18864004E+03
1.11000000E+00  1.11000000E+00  1.22000000E+00  1.20000000E+02  1.20000000E+02  1.80000000E+02     5.10480548E+03
1.09000000E+00  1.10000000E+00  1.20000000E+00  1.20000000E+02  1.24000000E+02  1.76000000E+02     6.60255139E+03
1.08000000E+00  1.09000000E+00  1.22000000E+00  1.22000000E+02  1.22000000E+02  1.80000000E+02     7.99943965E+03
1.12000000E+00  1.10000000E+00  1.22000000E+00  1.22000000E+02  1.22000000E+02  1.76000000E+02     4.08606846E+03
1.11000000E+00  1.10000000E+00  1.21000000E+00  1.18000000E+02  1.22000000E+02  1.80000000E+02     5.04975002E+03
1.09000000E+00  1.10000000E+00  1.19000000E+00  1.22000000E+02  1.22000000E+02  1.80000000E+02     6.34745093E+03
1.12000000E+00  1.12000000E+00  1.21000000E+00  1.24000000E+02  1.22000000E+02  1.80000000E+02     3.82348826E+03
1.12000000E+00  1.11000000E+00  1.21000000E+00  1.20000000E+02  1.24000000E+02  1.76000000E+02     3.98858458E+03
1.12000000E+00  1.10000000E+00  1.21000000E+00  1.24000000E+02  1.22000000E+02  1.76000000E+02     3.86365348E+03
1.08000000E+00  1.11000000E+00  1.21000000E+00  1.20000000E+02  1.24000000E+02  1.80000000E+02     7.85874290E+03
1.08000000E+00  1.11000000E+00  1.21000000E+00  1.24000000E+02  1.22000000E+02  1.80000000E+02     7.66908602E+03
1.09000000E+00  1.11000000E+00  1.19000000E+00  1.22000000E+02  1.22000000E+02  1.80000000E+02     6.31907869E+03
1.12000000E+00  1.12000000E+00  1.21000000E+00  1.20000000E+02  1.24000000E+02  1.80000000E+02     3.96096448E+03
1.12000000E+00  1.09000000E+00  1.20000000E+00  1.20000000E+02  1.22000000E+02  1.76000000E+02     3.93761927E+03
1.09000000E+00  1.11000000E+00  1.22000000E+00  1.20000000E+02  1.24000000E+02  1.80000000E+02     6.84419212E+03
1.12000000E+00  1.10000000E+00  1.20000000E+00  1.20000000E+02  1.24000000E+02  1.76000000E+02     3.84959291E+03
1.12000000E+00  1.10000000E+00  1.19000000E+00  1.22000000E+02  1.22000000E+02  1.80000000E+02     3.58899347E+03
1.11000000E+00  1.10000000E+00  1.21000000E+00  1.18000000E+02  1.24000000E+02  1.80000000E+02     4.97088042E+03
1.10000000E+00  1.10000000E+00  1.22000000E+00  1.20000000E+02  1.20000000E+02  1.76000000E+02     6.07656640E+03
1.08000000E+00  1.11000000E+00  1.22000000E+00  1.20000000E+02  1.22000000E+02  1.80000000E+02     8.09537319E+03
1.12000000E+00  1.10000000E+00  1.20000000E+00  1.24000000E+02  1.22000000E+02  1.76000000E+02     3.71182624E+03
1.08000000E+00  1.08000000E+00  1.21000000E+00  1.22000000E+02  1.22000000E+02  1.80000000E+02     7.93137681E+03
1.09000000E+00  1.11000000E+00  1.20000000E+00  1.20000000E+02  1.24000000E+02  1.76000000E+02     6.57106307E+03
1.10000000E+00  1.10000000E+00  1.20000000E+00  1.20000000E+02  1.20000000E+02  1.76000000E+02     5.76497849E+03
1.11000000E+00  1.11000000E+00  1.22000000E+00  1.24000000E+02  1.22000000E+02  1.80000000E+02     4.75043985E+03
1.12000000E+00  1.11000000E+00  1.19000000E+00  1.22000000E+02  1.22000000E+02  1.80000000E+02     3.57198001E+03
1.12000000E+00  1.11000000E+00  1.21000000E+00  1.24000000E+02  1.22000000E+02  1.76000000E+02     3.84812607E+03
1.12000000E+00  1.11000000E+00  1.20000000E+00  1.24000000E+02  1.22000000E+02  1.76000000E+02     3.69567490E+03
1.08000000E+00  1.09000000E+00  1.21000000E+00  1.20000000E+02  1.22000000E+02  1.76000000E+02     8.06225664E+03
1.08000000E+00  1.09000000E+00  1.20000000E+00  1.20000000E+02  1.22000000E+02  1.80000000E+02     7.88999302E+03
1.08000000E+00  1.09000000E+00  1.22000000E+00  1.20000000E+02  1.22000000E+02  1.80000000E+02     8.18341530E+03
1.08000000E+00  1.11000000E+00  1.21000000E+00  1.20000000E+02  1.20000000E+02  1.80000000E+02     8.10675829E+03
1.09000000E+00  1.09000000E+00  1.22000000E+00  1.20000000E+02  1.24000000E+02  1.80000000E+02     6.92879022E+03
1.09000000E+00  1.10000000E+00  1.22000000E+00  1.24000000E+02  1.22000000E+02  1.80000000E+02     6.68575323E+03
1.10000000E+00  1.10000000E+00  1.22000000E+00  1.20000000E+02  1.24000000E+02  1.76000000E+02     5.87046429E+03
1.12000000E+00  1.12000000E+00  1.20000000E+00  1.20000000E+02  1.24000000E+02  1.80000000E+02     3.80150468E+03
1.08000000E+00  1.12000000E+00  1.21000000E+00  1.22000000E+02  1.22000000E+02  1.76000000E+02     7.78703334E+03
1.12000000E+00  1.09000000E+00  1.21000000E+00  1.20000000E+02  1.24000000E+02  1.76000000E+02     4.05146644E+03
1.09000000E+00  1.09000000E+00  1.20000000E+00  1.20000000E+02  1.20000000E+02  1.80000000E+02     6.84720593E+03
1.09000000E+00  1.10000000E+00  1.21000000E+00  1.18000000E+02  1.22000000E+02  1.80000000E+02     7.04037000E+03
1.12000000E+00  1.11000000E+00  1.20000000E+00  1.20000000E+02  1.24000000E+02  1.76000000E+02     3.82985702E+03
1.12000000E+00  1.11000000E+00  1.22000000E+00  1.22000000E+02  1.22000000E+02  1.76000000E+02     4.07056944E+03
1.12000000E+00  1.12000000E+00  1.21000000E+00  1.20000000E+02  1.22000000E+02  1.76000000E+02     4.04374120E+03
1.10000000E+00  1.10000000E+00  1.19000000E+00  1.22000000E+02  1.22000000E+02  1.76000000E+02     5.33357366E+03
1.08000000E+00  1.09000000E+00  1.21000000E+00  1.20000000E+02  1.24000000E+02  1.80000000E+02     7.95291593E+03
1.11000000E+00  1.10000000E+00  1.19000000E+00  1.22000000E+02  1.22000000E+02  1.76000000E+02     4.41661098E+03
1.12000000E+00  1.12000000E+00  1.22000000E+00  1.22000000E+02  1.22000000E+02  1.80000000E+02     4.04682631E+03
1.08000000E+00  1.09000000E+00  1.21000000E+00  1.20000000E+02  1.20000000E+02  1.80000000E+02     8.19146230E+03
1.08000000E+00  1.11000000E+00  1.20000000E+00  1.24000000E+02  1.22000000E+02  1.80000000E+02     7.53392276E+03
1.08000000E+00  1.10000000E+00  1.20000000E+00  1.24000000E+02  1.22000000E+02  1.80000000E+02     7.56475229E+03
1.12000000E+00  1.10000000E+00  1.20000000E+00  1.20000000E+02  1.20000000E+02  1.80000000E+02     3.99110761E+03
1.11000000E+00  1.10000000E+00  1.20000000E+00  1.20000000E+02  1.20000000E+02  1.76000000E+02     4.83245435E+03
1.12000000E+00  1.10000000E+00  1.22000000E+00  1.20000000E+02  1.22000000E+02  1.76000000E+02     4.22479873E+03
1.11000000E+00  1.11000000E+00  1.19000000E+00  1.22000000E+02  1.22000000E+02  1.76000000E+02     4.39580472E+03
1.09000000E+00  1.11000000E+00  1.22000000E+00  1.24000000E+02  1.22000000E+02  1.80000000E+02     6.66022668E+03
1.11000000E+00  1.11000000E+00  1.21000000E+00  1.18000000E+02  1.22000000E+02  1.80000000E+02     5.02830401E+03
1.12000000E+00  1.10000000E+00  1.22000000E+00  1.20000000E+02  1.24000000E+02  1.80000000E+02     4.14654302E+03
1.10000000E+00  1.10000000E+00  1.19000000E+00  1.20000000E+02  1.22000000E+02  1.80000000E+02     5.45225755E+03
1.11000000E+00  1.10000000E+00  1.22000000E+00  1.20000000E+02  1.24000000E+02  1.76000000E+02     4.96373751E+03
1.12000000E+00  1.09000000E+00  1.22000000E+00  1.22000000E+02  1.22000000E+02  1.76000000E+02     4.12610169E+03
1.11000000E+00  1.11000000E+00  1.21000000E+00  1.18000000E+02  1.24000000E+02  1.80000000E+02     4.94708560E+03
1.12000000E+00  1.10000000E+00  1.21000000E+00  1.20000000E+02  1.20000000E+02  1.76000000E+02     4.17998290E+03
1.08000000E+00  1.10000000E+00  1.20000000E+00  1.20000000E+02  1.24000000E+02  1.80000000E+02     7.75215468E+03
1.08000000E+00  1.09000000E+00  1.20000000E+00  1.22000000E+02  1.22000000E+02  1.76000000E+02     7.74517052E+03
1.11000000E+00  1.10000000E+00  1.19000000E+00  1.20000000E+02  1.22000000E+02  1.80000000E+02     4.52477380E+03
1.09000000E+00  1.10000000E+00  1.22000000E+00  1.20000000E+02  1.20000000E+02  1.76000000E+02     7.12960137E+03
1.08000000E+00  1.10000000E+00  1.22000000E+00  1.22000000E+02  1.22000000E+02  1.76000000E+02     7.97656450E+03
1.08000000E+00  1.08000000E+00  1.21000000E+00  1.20000000E+02  1.22000000E+02  1.80000000E+02     8.11332166E+03
1.11000000E+00  1.10000000E+00  1.22000000E+00  1.20000000E+02  1.20000000E+02  1.76000000E+02     5.15282559E+03
1.11000000E+00  1.11000000E+00  1.19000000E+00  1.24000000E+02  1.22000000E+02  1.80000000E+02     4.30580066E+03
1.09000000E+00  1.10000000E+00  1.21000000E+00  1.18000000E+02  1.24000000E+02  1.80000000E+02     6.94490449E+03
1.10000000E+00  1.10000000E+00  1.21000000E+00  1.24000000E+02  1.24000000E+02  1.80000000E+02     5.49546529E+03
1.11000000E+00  1.10000000E+00  1.20000000E+00  1.24000000E+02  1.24000000E+02  1.80000000E+02     4.45758012E+03
1.10000000E+00  1.10000000E+00  1.20000000E+00  1.24000000E+02  1.24000000E+02  1.80000000E+02     5.35216299E+03
1.10000000E+00  1.10000000E+00  1.19000000E+00  1.24000000E+02  1.22000000E+02  1.80000000E+02     5.23307389E+03
1.11000000E+00  1.11000000E+00  1.20000000E+00  1.24000000E+02  1.24000000E+02  1.80000000E+02     4.43540914E+03
1.11000000E+00  1.10000000E+00  1.19000000E+00  1.24000000E+02  1.22000000E+02  1.80000000E+02     4.32596328E+03
1.09000000E+00  1.09000000E+00  1.20000000E+00  1.20000000E+02  1.24000000E+02  1.76000000E+02     6.65844689E+03
1.08000000E+00  1.10000000E+00  1.20000000E+00  1.20000000E+02  1.22000000E+02  1.76000000E+02     7.86429398E+03
1.11000000E+00  1.11000000E+00  1.20000000E+00  1.20000000E+02  1.20000000E+02  1.76000000E+02     4.81370459E+03
1.12000000E+00  1.11000000E+00  1.20000000E+00  1.20000000E+02  1.20000000E+02  1.80000000E+02     3.97622614E+03
1.11000000E+00  1.11000000E+00  1.19000000E+00  1.20000000E+02  1.22000000E+02  1.80000000E+02     4.50339319E+03
1.11000000E+00  1.10000000E+00  1.21000000E+00  1.24000000E+02  1.24000000E+02  1.80000000E+02     4.60508113E+03
1.08000000E+00  1.11000000E+00  1.20000000E+00  1.20000000E+02  1.24000000E+02  1.80000000E+02     7.71660069E+03
1.08000000E+00  1.09000000E+00  1.21000000E+00  1.24000000E+02  1.22000000E+02  1.80000000E+02     7.75366916E+03
1.09000000E+00  1.11000000E+00  1.21000000E+00  1.18000000E+02  1.22000000E+02  1.80000000E+02     7.01077490E+03
1.12000000E+00  1.09000000E+00  1.20000000E+00  1.20000000E+02  1.24000000E+02  1.76000000E+02     3.89384661E+03
1.12000000E+00  1.09000000E+00  1.21000000E+00  1.24000000E+02  1.22000000E+02  1.76000000E+02     3.90370399E+03
1.09000000E+00  1.09000000E+00  1.20000000E+00  1.24000000E+02  1.22000000E+02  1.76000000E+02     6.47990855E+03
1.12000000E+00  1.10000000E+00  1.22000000E+00  1.20000000E+02  1.20000000E+02  1.80000000E+02     4.32033219E+03
1.09000000E+00  1.09000000E+00  1.21000000E+00  1.18000000E+02  1.22000000E+02  1.80000000E+02     7.09440254E+03
1.09000000E+00  1.10000000E+00  1.20000000E+00  1.20000000E+02  1.20000000E+02  1.76000000E+02     6.82711154E+03
1.08000000E+00  1.12000000E+00  1.20000000E+00  1.20000000E+02  1.22000000E+02  1.80000000E+02     7.78962219E+03
1.10000000E+00  1.10000000E+00  1.22000000E+00  1.24000000E+02  1.22000000E+02  1.76000000E+02     5.69531408E+03
1.08000000E+00  1.12000000E+00  1.20000000E+00  1.22000000E+02  1.22000000E+02  1.76000000E+02     7.64793949E+03
1.08000000E+00  1.10000000E+00  1.22000000E+00  1.20000000E+02  1.20000000E+02  1.80000000E+02     8.28970087E+03
1.12000000E+00  1.12000000E+00  1.20000000E+00  1.20000000E+02  1.22000000E+02  1.76000000E+02     3.88438837E+03
1.11000000E+00  1.11000000E+00  1.21000000E+00  1.24000000E+02  1.24000000E+02  1.80000000E+02     4.58362917E+03
1.10000000E+00  1.10000000E+00  1.21000000E+00  1.18000000E+02  1.22000000E+02  1.76000000E+02     6.01087836E+03
1.10000000E+00  1.10000000E+00  1.22000000E+00  1.18000000E+02  1.22000000E+02  1.80000000E+02     6.14558081E+03
1.08000000E+00  1.12000000E+00  1.22000000E+00  1.22000000E+02  1.22000000E+02  1.80000000E+02     7.90654141E+03
1.10000000E+00  1.10000000E+00  1.20000000E+00  1.18000000E+02  1.24000000E+02  1.80000000E+02     5.73996569E+03
1.08000000E+00  1.11000000E+00  1.22000000E+00  1.22000000E+02  1.22000000E+02  1.76000000E+02     7.94593435E+03
1.08000000E+00  1.10000000E+00  1.22000000E+00  1.20000000E+02  1.22000000E+02  1.76000000E+02     8.15849447E+03
1.12000000E+00  1.09000000E+00  1.22000000E+00  1.20000000E+02  1.22000000E+02  1.76000000E+02     4.26564138E+03
1.09000000E+00  1.10000000E+00  1.22000000E+00  1.20000000E+02  1.24000000E+02  1.76000000E+02     6.90620356E+03
1.12000000E+00  1.11000000E+00  1.22000000E+00  1.20000000E+02  1.22000000E+02  1.76000000E+02     4.20849880E+03
1.12000000E+00  1.11000000E+00  1.22000000E+00  1.20000000E+02  1.24000000E+02  1.80000000E+02     4.12804662E+03
1.09000000E+00  1.09000000E+00  1.19000000E+00  1.22000000E+02  1.22000000E+02  1.80000000E+02     6.40025446E+03
1.08000000E+00  1.11000000E+00  1.20000000E+00  1.20000000E+02  1.22000000E+02  1.76000000E+02     7.83116572E+03
1.09000000E+00  1.09000000E+00  1.22000000E+00  1.24000000E+02  1.22000000E+02  1.80000000E+02     6.73569151E+03
1.11000000E+00  1.11000000E+00  1.22000000E+00  1.20000000E+02  1.24000000E+02  1.76000000E+02     4.94137573E+03
1.12000000E+00  1.09000000E+00  1.19000000E+00  1.22000000E+02  1.22000000E+02  1.80000000E+02     3.63054872E+03
1.10000000E+00  1.10000000E+00  1.20000000E+00  1.18000000E+02  1.22000000E+02  1.80000000E+02     5.82720986E+03
1.10000000E+00  1.10000000E+00  1.20000000E+00  1.22000000E+02  1.18000000E+02  1.80000000E+02     5.76058477E+03
1.10000000E+00  1.10000000E+00  1.20000000E+00  1.18000000E+02  1.22000000E+02  1.80000000E+02     5.82720986E+03
1.12000000E+00  1.11000000E+00  1.21000000E+00  1.20000000E+02  1.20000000E+02  1.76000000E+02     4.16538126E+03
1.08000000E+00  1.10000000E+00  1.21000000E+00  1.20000000E+02  1.24000000E+02  1.76000000E+02     7.92583967E+03
1.12000000E+00  1.09000000E+00  1.22000000E+00  1.20000000E+02  1.24000000E+02  1.80000000E+02     4.18955636E+03
1.11000000E+00  1.10000000E+00  1.20000000E+00  1.18000000E+02  1.24000000E+02  1.80000000E+02     4.81352131E+03
1.12000000E+00  1.09000000E+00  1.20000000E+00  1.24000000E+02  1.22000000E+02  1.76000000E+02     3.75250291E+03
1.08000000E+00  1.12000000E+00  1.21000000E+00  1.24000000E+02  1.22000000E+02  1.80000000E+02     7.66193166E+03
1.11000000E+00  1.10000000E+00  1.19000000E+00  1.20000000E+02  1.24000000E+02  1.80000000E+02     4.46977862E+03
1.08000000E+00  1.10000000E+00  1.21000000E+00  1.20000000E+02  1.20000000E+02  1.76000000E+02     8.16765120E+03
1.09000000E+00  1.11000000E+00  1.21000000E+00  1.18000000E+02  1.24000000E+02  1.80000000E+02     6.91290974E+03
1.09000000E+00  1.09000000E+00  1.22000000E+00  1.20000000E+02  1.20000000E+02  1.76000000E+02     7.17971192E+03
1.09000000E+00  1.11000000E+00  1.22000000E+00  1.20000000E+02  1.20000000E+02  1.76000000E+02     7.10394489E+03
1.12000000E+00  1.09000000E+00  1.20000000E+00  1.20000000E+02  1.20000000E+02  1.80000000E+02     4.03056025E+03
1.10000000E+00  1.10000000E+00  1.19000000E+00  1.20000000E+02  1.24000000E+02  1.80000000E+02     5.38883025E+03
1.09000000E+00  1.11000000E+00  1.20000000E+00  1.20000000E+02  1.20000000E+02  1.76000000E+02     6.80047711E+03
1.11000000E+00  1.11000000E+00  1.22000000E+00  1.20000000E+02  1.20000000E+02  1.76000000E+02     5.13495808E+03
1.12000000E+00  1.10000000E+00  1.22000000E+00  1.24000000E+02  1.22000000E+02  1.80000000E+02     3.99541355E+03
1.12000000E+00  1.09000000E+00  1.21000000E+00  1.20000000E+02  1.20000000E+02  1.76000000E+02     4.21915253E+03
1.12000000E+00  1.12000000E+00  1.22000000E+00  1.20000000E+02  1.22000000E+02  1.80000000E+02     4.18466395E+03
1.12000000E+00  1.12000000E+00  1.21000000E+00  1.20000000E+02  1.20000000E+02  1.80000000E+02     4.14381471E+03
1.10000000E+00  1.10000000E+00  1.21000000E+00  1.18000000E+02  1.24000000E+02  1.76000000E+02     5.92448161E+03
1.08000000E+00  1.12000000E+00  1.21000000E+00  1.20000000E+02  1.22000000E+02  1.76000000E+02     7.96319958E+03
1.12000000E+00  1.12000000E+00  1.19000000E+00  1.22000000E+02  1.22000000E+02  1.80000000E+02     3.57807466E+03
1.08000000E+00  1.08000000E+00  1.20000000E+00  1.22000000E+02  1.22000000E+02  1.80000000E+02     7.79471020E+03
1.12000000E+00  1.12000000E+00  1.20000000E+00  1.24000000E+02  1.22000000E+02  1.76000000E+02     3.70261508E+03
1.11000000E+00  1.10000000E+00  1.22000000E+00  1.24000000E+02  1.22000000E+02  1.76000000E+02     4.80105427E+03
1.11000000E+00  1.11000000E+00  1.19000000E+00  1.20000000E+02  1.24000000E+02  1.80000000E+02     4.44583590E+03
1.11000000E+00  1.10000000E+00  1.20000000E+00  1.18000000E+02  1.22000000E+02  1.80000000E+02     4.89242084E+03
1.09000000E+00  1.09000000E+00  1.21000000E+00  1.18000000E+02  1.24000000E+02  1.80000000E+02     7.00131218E+03
1.11000000E+00  1.10000000E+00  1.21000000E+00  1.18000000E+02  1.22000000E+02  1.76000000E+02     5.08023079E+03
1.10000000E+00  1.10000000E+00  1.21000000E+00  1.26000000E+02  1.20000000E+02  1.80000000E+02     5.58272611E+03
1.08000000E+00  1.10000000E+00  1.21000000E+00  1.24000000E+02  1.22000000E+02  1.76000000E+02     7.73205851E+03
1.08000000E+00  1.12000000E+00  1.21000000E+00  1.20000000E+02  1.24000000E+02  1.80000000E+02     7.84678501E+03
1.12000000E+00  1.10000000E+00  1.21000000E+00  1.18000000E+02  1.22000000E+02  1.80000000E+02     4.24085191E+03
1.08000000E+00  1.09000000E+00  1.22000000E+00  1.22000000E+02  1.22000000E+02  1.76000000E+02     8.03157860E+03
1.12000000E+00  1.10000000E+00  1.21000000E+00  1.18000000E+02  1.24000000E+02  1.80000000E+02     4.17006580E+03
1.12000000E+00  1.12000000E+00  1.21000000E+00  1.24000000E+02  1.22000000E+02  1.76000000E+02     3.85568739E+03
1.12000000E+00  1.12000000E+00  1.21000000E+00  1.20000000E+02  1.24000000E+02  1.76000000E+02     3.99248516E+03
1.12000000E+00  1.09000000E+00  1.22000000E+00  1.20000000E+02  1.20000000E+02  1.80000000E+02     4.35895166E+03
1.08000000E+00  1.11000000E+00  1.21000000E+00  1.20000000E+02  1.24000000E+02  1.76000000E+02     7.89079143E+03
1.09000000E+00  1.10000000E+00  1.19000000E+00  1.22000000E+02  1.22000000E+02  1.76000000E+02     6.37994454E+03
1.09000000E+00  1.11000000E+00  1.19000000E+00  1.22000000E+02  1.22000000E+02  1.76000000E+02     6.35142364E+03
1.10000000E+00  1.10000000E+00  1.23000000E+00  1.22000000E+02  1.22000000E+02  1.80000000E+02     5.91193473E+03
1.08000000E+00  1.10000000E+00  1.20000000E+00  1.20000000E+02  1.20000000E+02  1.80000000E+02     7.99625085E+03
1.08000000E+00  1.11000000E+00  1.21000000E+00  1.24000000E+02  1.22000000E+02  1.76000000E+02     7.70181298E+03
1.11000000E+00  1.10000000E+00  1.22000000E+00  1.18000000E+02  1.22000000E+02  1.80000000E+02     5.21928657E+03
1.08000000E+00  1.12000000E+00  1.20000000E+00  1.24000000E+02  1.22000000E+02  1.80000000E+02     7.52604563E+03
1.09000000E+00  1.11000000E+00  1.22000000E+00  1.20000000E+02  1.24000000E+02  1.76000000E+02     6.87596439E+03
1.11000000E+00  1.10000000E+00  1.21000000E+00  1.18000000E+02  1.24000000E+02  1.76000000E+02     5.00205943E+03
1.11000000E+00  1.11000000E+00  1.20000000E+00  1.18000000E+02  1.24000000E+02  1.80000000E+02     4.78922087E+03
1.08000000E+00  1.09000000E+00  1.20000000E+00  1.20000000E+02  1.24000000E+02  1.80000000E+02     7.81208074E+03
1.12000000E+00  1.10000000E+00  1.19000000E+00  1.22000000E+02  1.22000000E+02  1.76000000E+02     3.62118525E+03
1.12000000E+00  1.11000000E+00  1.22000000E+00  1.20000000E+02  1.20000000E+02  1.80000000E+02     4.30628218E+03
1.08000000E+00  1.11000000E+00  1.22000000E+00  1.20000000E+02  1.22000000E+02  1.76000000E+02     8.12652951E+03
1.08000000E+00  1.11000000E+00  1.22000000E+00  1.20000000E+02  1.20000000E+02  1.80000000E+02     8.26006674E+03
1.08000000E+00  1.09000000E+00  1.22000000E+00  1.20000000E+02  1.20000000E+02  1.80000000E+02     8.34375305E+03
1.08000000E+00  1.10000000E+00  1.22000000E+00  1.20000000E+02  1.24000000E+02  1.80000000E+02     8.04728190E+03
1.08000000E+00  1.09000000E+00  1.20000000E+00  1.24000000E+02  1.22000000E+02  1.80000000E+02     7.61996147E+03
1.09000000E+00  1.10000000E+00  1.19000000E+00  1.20000000E+02  1.22000000E+02  1.80000000E+02     6.50935362E+03
1.12000000E+00  1.11000000E+00  1.22000000E+00  1.24000000E+02  1.22000000E+02  1.80000000E+02     3.98063882E+03
1.10000000E+00  1.10000000E+00  1.22000000E+00  1.18000000E+02  1.24000000E+02  1.80000000E+02     6.05863153E+03
1.08000000E+00  1.08000000E+00  1.21000000E+00  1.22000000E+02  1.22000000E+02  1.76000000E+02     7.96385262E+03
1.12000000E+00  1.11000000E+00  1.19000000E+00  1.22000000E+02  1.22000000E+02  1.76000000E+02     3.60402561E+03
1.08000000E+00  1.11000000E+00  1.21000000E+00  1.20000000E+02  1.20000000E+02  1.76000000E+02     8.13736720E+03
1.10000000E+00  1.10000000E+00  1.23000000E+00  1.20000000E+02  1.22000000E+02  1.80000000E+02     6.07575364E+03
1.11000000E+00  1.11000000E+00  1.22000000E+00  1.24000000E+02  1.22000000E+02  1.76000000E+02     4.78269174E+03
1.09000000E+00  1.10000000E+00  1.22000000E+00  1.18000000E+02  1.22000000E+02  1.80000000E+02     7.20123975E+03
1.08000000E+00  1.09000000E+00  1.22000000E+00  1.20000000E+02  1.22000000E+02  1.76000000E+02     8.21485153E+03
1.08000000E+00  1.09000000E+00  1.20000000E+00  1.20000000E+02  1.22000000E+02  1.76000000E+02     7.92181831E+03
1.08000000E+00  1.12000000E+00  1.22000000E+00  1.20000000E+02  1.22000000E+02  1.80000000E+02     8.08651525E+03
1.11000000E+00  1.10000000E+00  1.21000000E+00  1.26000000E+02  1.20000000E+02  1.80000000E+02     4.68426780E+03
1.14000000E+00  1.10000000E+00  1.21000000E+00  1.22000000E+02  1.22000000E+02  1.80000000E+02     2.64713157E+03
1.09000000E+00  1.09000000E+00  1.22000000E+00  1.20000000E+02  1.24000000E+02  1.76000000E+02     6.96084549E+03
1.12000000E+00  1.12000000E+00  1.20000000E+00  1.20000000E+02  1.24000000E+02  1.76000000E+02     3.83320682E+03
1.08000000E+00  1.12000000E+00  1.21000000E+00  1.20000000E+02  1.20000000E+02  1.80000000E+02     8.09960558E+03
1.09000000E+00  1.10000000E+00  1.22000000E+00  1.24000000E+02  1.22000000E+02  1.76000000E+02     6.71833420E+03
1.09000000E+00  1.09000000E+00  1.20000000E+00  1.20000000E+02  1.20000000E+02  1.76000000E+02     6.87820282E+03
1.09000000E+00  1.10000000E+00  1.21000000E+00  1.24000000E+02  1.24000000E+02  1.80000000E+02     6.51463666E+03
1.09000000E+00  1.11000000E+00  1.19000000E+00  1.20000000E+02  1.22000000E+02  1.80000000E+02     6.47999785E+03
1.09000000E+00  1.11000000E+00  1.19000000E+00  1.24000000E+02  1.22000000E+02  1.80000000E+02     6.24178946E+03
1.12000000E+00  1.10000000E+00  1.19000000E+00  1.20000000E+02  1.22000000E+02  1.80000000E+02     3.71903035E+03
1.11000000E+00  1.11000000E+00  1.21000000E+00  1.26000000E+02  1.20000000E+02  1.80000000E+02     4.66826036E+03
1.11000000E+00  1.11000000E+00  1.20000000E+00  1.18000000E+02  1.22000000E+02  1.80000000E+02     4.87053420E+03
1.12000000E+00  1.11000000E+00  1.19000000E+00  1.24000000E+02  1.22000000E+02  1.80000000E+02     3.52357249E+03
1.10000000E+00  1.10000000E+00  1.20000000E+00  1.26000000E+02  1.20000000E+02  1.80000000E+02     5.44289165E+03
1.12000000E+00  1.10000000E+00  1.20000000E+00  1.24000000E+02  1.24000000E+02  1.80000000E+02     3.68406874E+03
1.08000000E+00  1.11000000E+00  1.20000000E+00  1.20000000E+02  1.20000000E+02  1.80000000E+02     7.96559390E+03
1.12000000E+00  1.10000000E+00  1.19000000E+00  1.24000000E+02  1.22000000E+02  1.80000000E+02     3.54020953E+03
1.12000000E+00  1.11000000E+00  1.20000000E+00  1.24000000E+02  1.24000000E+02  1.80000000E+02     3.66542410E+03
1.09000000E+00  1.11000000E+00  1.21000000E+00  1.24000000E+02  1.24000000E+02  1.80000000E+02     6.48578071E+03
1.08000000E+00  1.08000000E+00  1.22000000E+00  1.22000000E+02  1.22000000E+02  1.80000000E+02     8.08020739E+03
1.09000000E+00  1.11000000E+00  1.20000000E+00  1.24000000E+02  1.24000000E+02  1.80000000E+02     6.34605336E+03
1.12000000E+00  1.10000000E+00  1.20000000E+00  1.20000000E+02  1.20000000E+02  1.76000000E+02     4.02167086E+03
1.09000000E+00  1.10000000E+00  1.19000000E+00  1.24000000E+02  1.22000000E+02  1.80000000E+02     6.26941101E+03
1.12000000E+00  1.12000000E+00  1.22000000E+00  1.22000000E+02  1.22000000E+02  1.76000000E+02     4.07816935E+03
1.08000000E+00  1.09000000E+00  1.21000000E+00  1.20000000E+02  1.20000000E+02  1.76000000E+02     8.22235248E+03
1.09000000E+00  1.10000000E+00  1.20000000E+00  1.24000000E+02  1.24000000E+02  1.80000000E+02     6.37568258E+03
1.14000000E+00  1.10000000E+00  1.20000000E+00  1.22000000E+02  1.22000000E+02  1.80000000E+02     2.48384813E+03
1.14000000E+00  1.10000000E+00  1.20000000E+00  1.22000000E+02  1.22000000E+02  1.80000000E+02     2.48384813E+03
1.08000000E+00  1.09000000E+00  1.21000000E+00  1.20000000E+02  1.24000000E+02  1.76000000E+02     7.98525518E+03
1.11000000E+00  1.11000000E+00  1.21000000E+00  1.18000000E+02  1.22000000E+02  1.76000000E+02     5.05864227E+03
1.12000000E+00  1.11000000E+00  1.21000000E+00  1.18000000E+02  1.24000000E+02  1.80000000E+02     4.15014891E+03
1.12000000E+00  1.09000000E+00  1.21000000E+00  1.18000000E+02  1.22000000E+02  1.80000000E+02     4.28299466E+03
1.12000000E+00  1.11000000E+00  1.21000000E+00  1.18000000E+02  1.22000000E+02  1.80000000E+02     4.22325878E+03
1.12000000E+00  1.10000000E+00  1.22000000E+00  1.20000000E+02  1.24000000E+02  1.76000000E+02     4.17816412E+03
1.11000000E+00  1.11000000E+00  1.20000000E+00  1.26000000E+02  1.20000000E+02  1.80000000E+02     4.52330545E+03
1.11000000E+00  1.10000000E+00  1.22000000E+00  1.18000000E+02  1.24000000E+02  1.80000000E+02     5.14044557E+03
1.08000000E+00  1.11000000E+00  1.20000000E+00  1.24000000E+02  1.22000000E+02  1.76000000E+02     7.56684450E+03
1.09000000E+00  1.10000000E+00  1.20000000E+00  1.18000000E+02  1.22000000E+02  1.80000000E+02     6.89166939E+03
1.08000000E+00  1.10000000E+00  1.20000000E+00  1.24000000E+02  1.22000000E+02  1.76000000E+02     7.59781944E+03
1.09000000E+00  1.11000000E+00  1.22000000E+00  1.24000000E+02  1.22000000E+02  1.76000000E+02     6.69266924E+03
1.12000000E+00  1.09000000E+00  1.21000000E+00  1.18000000E+02  1.24000000E+02  1.80000000E+02     4.21450704E+03
1.12000000E+00  1.11000000E+00  1.19000000E+00  1.20000000E+02  1.22000000E+02  1.80000000E+02     3.70141973E+03
1.11000000E+00  1.10000000E+00  1.20000000E+00  1.26000000E+02  1.20000000E+02  1.80000000E+02     4.53995889E+03
1.08000000E+00  1.08000000E+00  1.22000000E+00  1.20000000E+02  1.22000000E+02  1.80000000E+02     8.26553318E+03
1.10000000E+00  1.10000000E+00  1.19000000E+00  1.20000000E+02  1.22000000E+02  1.76000000E+02     5.48394509E+03
1.09000000E+00  1.10000000E+00  1.20000000E+00  1.18000000E+02  1.24000000E+02  1.80000000E+02     6.79593331E+03
1.08000000E+00  1.11000000E+00  1.22000000E+00  1.20000000E+02  1.24000000E+02  1.80000000E+02     8.01302490E+03
1.12000000E+00  1.10000000E+00  1.21000000E+00  1.24000000E+02  1.24000000E+02  1.80000000E+02     3.83562338E+03
1.11000000E+00  1.10000000E+00  1.23000000E+00  1.22000000E+02  1.22000000E+02  1.80000000E+02     5.01225077E+03
1.12000000E+00  1.09000000E+00  1.22000000E+00  1.24000000E+02  1.22000000E+02  1.80000000E+02     4.03471173E+03
1.14000000E+00  1.11000000E+00  1.21000000E+00  1.22000000E+02  1.22000000E+02  1.80000000E+02     2.63802629E+03
1.09000000E+00  1.10000000E+00  1.23000000E+00  1.22000000E+02  1.22000000E+02  1.80000000E+02     6.94041863E+03
1.11000000E+00  1.10000000E+00  1.19000000E+00  1.20000000E+02  1.22000000E+02  1.76000000E+02     4.55636205E+03
1.09000000E+00  1.09000000E+00  1.22000000E+00  1.18000000E+02  1.22000000E+02  1.80000000E+02     7.25478887E+03
1.08000000E+00  1.08000000E+00  1.21000000E+00  1.20000000E+02  1.22000000E+02  1.76000000E+02     8.14509225E+03
1.08000000E+00  1.10000000E+00  1.20000000E+00  1.20000000E+02  1.24000000E+02  1.76000000E+02     7.78454082E+03
1.14000000E+00  1.11000000E+00  1.20000000E+00  1.22000000E+02  1.22000000E+02  1.80000000E+02     2.47423762E+03
1.09000000E+00  1.10000000E+00  1.21000000E+00  1.26000000E+02  1.20000000E+02  1.80000000E+02     6.61006738E+03
1.09000000E+00  1.10000000E+00  1.23000000E+00  1.20000000E+02  1.22000000E+02  1.80000000E+02     7.11516395E+03
1.11000000E+00  1.11000000E+00  1.22000000E+00  1.18000000E+02  1.22000000E+02  1.80000000E+02     5.19827506E+03
1.08000000E+00  1.10000000E+00  1.22000000E+00  1.24000000E+02  1.22000000E+02  1.80000000E+02     7.84577150E+03
1.12000000E+00  1.11000000E+00  1.21000000E+00  1.24000000E+02  1.24000000E+02  1.80000000E+02     3.81767210E+03
1.12000000E+00  1.10000000E+00  1.19000000E+00  1.20000000E+02  1.24000000E+02  1.80000000E+02     3.67231963E+03
1.11000000E+00  1.11000000E+00  1.19000000E+00  1.24000000E+02  1.22000000E+02  1.76000000E+02     4.33862822E+03
1.11000000E+00  1.10000000E+00  1.23000000E+00  1.20000000E+02  1.22000000E+02  1.80000000E+02     5.16534323E+03
1.09000000E+00  1.11000000E+00  1.21000000E+00  1.26000000E+02  1.20000000E+02  1.80000000E+02     6.58699640E+03
1.12000000E+00  1.11000000E+00  1.20000000E+00  1.20000000E+02  1.20000000E+02  1.76000000E+02     4.00664762E+03
1.08000000E+00  1.09000000E+00  1.22000000E+00  1.20000000E+02  1.24000000E+02  1.80000000E+02     8.10590620E+03
1.08000000E+00  1.10000000E+00  1.19000000E+00  1.22000000E+02  1.22000000E+02  1.80000000E+02     7.53148146E+03
1.08000000E+00  1.11000000E+00  1.19000000E+00  1.22000000E+02  1.22000000E+02  1.80000000E+02     7.49903308E+03
1.09000000E+00  1.11000000E+00  1.22000000E+00  1.18000000E+02  1.22000000E+02  1.80000000E+02     7.17212679E+03
1.11000000E+00  1.10000000E+00  1.19000000E+00  1.24000000E+02  1.22000000E+02  1.76000000E+02     4.35893689E+03
1.11000000E+00  1.11000000E+00  1.19000000E+00  1.20000000E+02  1.22000000E+02  1.76000000E+02     4.53483365E+03
1.10000000E+00  1.10000000E+00  1.19000000E+00  1.24000000E+02  1.22000000E+02  1.76000000E+02     5.26614901E+03
1.10000000E+00  1.10000000E+00  1.21000000E+00  1.24000000E+02  1.24000000E+02  1.76000000E+02     5.52886317E+03
1.11000000E+00  1.10000000E+00  1.20000000E+00  1.24000000E+02  1.24000000E+02  1.76000000E+02     4.49107229E+03
1.08000000E+00  1.10000000E+00  1.21000000E+00  1.18000000E+02  1.22000000E+02  1.80000000E+02     8.23829106E+03
1.11000000E+00  1.11000000E+00  1.20000000E+00  1.24000000E+02  1.24000000E+02  1.76000000E+02     4.46875574E+03
1.10000000E+00  1.10000000E+00  1.20000000E+00  1.24000000E+02  1.24000000E+02  1.76000000E+02     5.38575711E+03
1.12000000E+00  1.10000000E+00  1.20000000E+00  1.18000000E+02  1.24000000E+02  1.80000000E+02     4.00873138E+03
1.12000000E+00  1.10000000E+00  1.22000000E+00  1.20000000E+02  1.20000000E+02  1.76000000E+02     4.35051985E+03
1.08000000E+00  1.11000000E+00  1.20000000E+00  1.20000000E+02  1.24000000E+02  1.76000000E+02     7.74883719E+03
1.09000000E+00  1.10000000E+00  1.22000000E+00  1.18000000E+02  1.24000000E+02  1.80000000E+02     7.10604336E+03
1.09000000E+00  1.09000000E+00  1.21000000E+00  1.18000000E+02  1.22000000E+02  1.76000000E+02     7.12521206E+03
1.12000000E+00  1.11000000E+00  1.19000000E+00  1.20000000E+02  1.24000000E+02  1.80000000E+02     3.65217349E+03
1.11000000E+00  1.10000000E+00  1.21000000E+00  1.24000000E+02  1.24000000E+02  1.76000000E+02     4.63837805E+03
1.09000000E+00  1.11000000E+00  1.20000000E+00  1.18000000E+02  1.24000000E+02  1.80000000E+02     6.76338338E+03
1.08000000E+00  1.08000000E+00  1.21000000E+00  1.20000000E+02  1.24000000E+02  1.80000000E+02     8.03805921E+03
1.08000000E+00  1.09000000E+00  1.21000000E+00  1.24000000E+02  1.22000000E+02  1.76000000E+02     7.78667819E+03
1.08000000E+00  1.10000000E+00  1.22000000E+00  1.20000000E+02  1.20000000E+02  1.76000000E+02     8.32025983E+03
1.09000000E+00  1.11000000E+00  1.20000000E+00  1.18000000E+02  1.22000000E+02  1.80000000E+02     6.86158566E+03
1.10000000E+00  1.10000000E+00  1.22000000E+00  1.18000000E+02  1.22000000E+02  1.76000000E+02     6.17597104E+03
1.09000000E+00  1.10000000E+00  1.19000000E+00  1.20000000E+02  1.24000000E+02  1.80000000E+02     6.43734635E+03
1.08000000E+00  1.12000000E+00  1.20000000E+00  1.20000000E+02  1.22000000E+02  1.76000000E+02     7.82100610E+03
1.08000000E+00  1.11000000E+00  1.22000000E+00  1.24000000E+02  1.22000000E+02  1.80000000E+02     7.81638647E+03
1.14000000E+00  1.09000000E+00  1.21000000E+00  1.22000000E+02  1.22000000E+02  1.80000000E+02     2.68084781E+03
1.10000000E+00  1.10000000E+00  1.20000000E+00  1.18000000E+02  1.24000000E+02  1.76000000E+02     5.77142794E+03
1.08000000E+00  1.12000000E+00  1.22000000E+00  1.22000000E+02  1.22000000E+02  1.76000000E+02     7.93825969E+03
1.12000000E+00  1.11000000E+00  1.22000000E+00  1.20000000E+02  1.24000000E+02  1.76000000E+02     4.15952740E+03

